-,-,-
111, -1301, 281
-110, -1551, 132
-265, -1726, 268
-166, -1772, 447
-202, -1806, 390
3, -1787, 426
296, -1803, 394
602, -1811, 269
935, -1706, 328
1117, -1516, 470
1019, -1308, 297
982, -1049, 144
909, -888, 164
807, -686, 327
714, -489, 283
714, -489, 283
489, -350, 78
409, -165, 26
489, -80, -7
618, 52, 49
618, 52, 49
596, 207, 71
225, 399, 230
-322, 570, 400
-685, 584, 456
-745, 524, 298
-679, 477, 294
-679, 477, 294
-935, 486, 533
-1471, 477, 705
-1623, 341, 552
-1134, 452, 484
-1541, 302, 922
-1899, 284, 1202
-1998, 232, 1189
-1966, 57, 1390
-1785, -86, 1498
-1641, -217, 1482
-1417, -395, 1425
-1142, -550, 1392
-796, -644, 1494
-372, -772, 1691
-105, -935, 1776
-278, -1219, 1565
-407, -1369, 1487
-368, -1466, 1503
92, -1497, 1592
496, -1509, 1767
468, -1396, 1477
564, -1163, 979
629, -1087, 713
659, -1009, 584
681, -856, 425
564, -691, 276
-,-,-
-306, -1417, 186
-442, -1647, 208
-428, -1760, 438
-277, -1803, 595
-266, -1846, 644
-153, -1762, 697
-86, -1701, 727
177, -1649, 778
435, -1518, 733
584, -1328, 665
624, -1193, 548
639, -1056, 461
629, -887, 413
653, -678, 325
656, -521, 228
656, -521, 228
606, -319, 123
533, -102, 27
406, 55, -18
382, 175, 110
342, 317, 203
185, 421, 200
185, 421, 200
46, 616, 133
-192, 715, 75
-345, 760, 102
-498, 700, 260
-674, 627, 459
-951, 618, 550
-951, 618, 550
-1407, 553, 651
-1721, 489, 544
-1689, 367, 389
-1833, 434, 590
-1998, 347, 1054
-1998, 180, 1162
-1998, 89, 1144
-1998, -52, 1084
-1887, -152, 1023
-1813, -177, 1012
-1701, -256, 1302
-1531, -408, 1344
-999, -549, 1380
-645, -865, 1648
-696, -1061, 1988
-542, -1247, 1917
-58, -1385, 1741
232, -1379, 1378
324, -1289, 1097
463, -1268, 1115
757, -1224, 1124
887, -1068, 858
735, -937, 715
-,-,-
-592, -1181, 133
-614, -1374, 60
-653, -1519, 74
-689, -1628, 159
-679, -1745, 182
-508, -1800, 274
-220, -1782, 380
66, -1760, 454
240, -1714, 578
448, -1578, 710
633, -1394, 764
725, -1176, 650
659, -975, 527
672, -751, 479
681, -569, 368
681, -569, 368
693, -402, 294
668, -248, 277
599, -88, 243
486, 96, 240
257, 246, 156
174, 355, 17
174, 355, 17
187, 448, 37
41, 512, 139
-311, 626, 225
-740, 749, 291
-740, 749, 291
-971, 670, 412
-943, 626, 436
-1260, 622, 621
-1631, 586, 741
-1657, 606, 515
-1829, 572, 526
-1998, 408, 837
-1998, 116, 1076
-1870, 56, 1114
-1974, -4, 1143
-1998, -92, 1119
-1998, -215, 983
-1998, -347, 1148
-1823, -465, 1228
-1560, -488, 1309
-1268, -569, 1303
-931, -812, 1142
-879, -1179, 1295
-673, -1389, 1549
-279, -1517, 1568
23, -1534, 1499
111, -1530, 1319
87, -1452, 999
215, -1206, 869
340, -1000, 802
260, -827, 570
205, -664, 410
104, -521, 317
-63, -450, 158
-,-,-
-615, -1114, 110
-660, -1306, -77
-643, -1544, 23
-675, -1735, 223
-745, -1949, 267
-657, -1998, 396
-393, -1998, 563
-70, -1993, 773
296, -1822, 856
602, -1602, 846
743, -1369, 801
818, -1098, 779
818, -1098, 779
925, -819, 647
1021, -552, 515
955, -275, 339
679, -51, 294
451, 162, 287
334, 439, 281
283, 709, 183
169, 930, -60
169, 930, -60
-71, 1114, -16
-883, 1080, 344
-1208, 898, 384
-776, 751, 360
-680, 763, 387
-1154, 771, 391
-1699, 737, 364
-1812, 642, 246
-1672, 562, 297
-1900, 452, 466
-1998, 406, 861
-1998, 406, 861
-1998, 334, 947
-1998, 284, 1043
-1998, 69, 1189
-1973, 2, 1348
-1704, -290, 926
-1425, -682, 1026
-1315, -1024, 1350
-817, -1206, 1576
-114, -1455, 1774
-32, -1592, 1715
-139, -1470, 1407
79, -1288, 1164
584, -1205, 1006
883, -1190, 841
715, -1066, 434
715, -1066, 434
278, -782, 46
72, -540, -277
66, -486, -344
92, -486, -147
-27, -402, -142
-,-,-
-800, -1293, 225
-944, -1523, 270
-936, -1666, 239
-824, -1744, 214
-590, -1809, 362
-290, -1805, 467
-100, -1797, 520
100, -1735, 600
368, -1593, 671
619, -1392, 661
796, -1154, 742
810, -899, 733
806, -644, 652
845, -372, 512
845, -372, 512
741, -93, 353
477, 169, 331
34, 531, 414
-421, 768, 412
-318, 783, 261
-176, 930, 75
-176, 930, 75
-177, 1057, -436
-447, 1010, -328
-779, 805, 133
-922, 729, 244
-1070, 678, 136
-1309, 613, 162
-1728, 590, 214
-1998, 571, 327
-1998, 562, 484
-1998, 437, 649
-1995, 325, 902
-1871, 163, 1094
-1828, 128, 1330
-1792, 51, 1257
-1663, -218, 1037
-1662, -816, 1008
-1443, -1197, 1175
-874, -1216, 1701
-421, -1410, 1998
-258, -1524, 1998
-327, -1397, 1952
-332, -1122, 1262
-306, -998, 805
-113, -881, 764
285, -737, 614
610, -650, 240
640, -655, -28
376, -643, -60
98, -596, -175
-200, -584, -152
-,-,-
-713, -1310, 310
-809, -1461, 348
-755, -1566, 277
-595, -1640, 249
-475, -1818, 272
-241, -1850, 276
-110, -1832, 389
-19, -1836, 622
113, -1718, 764
245, -1468, 789
410, -1183, 702
589, -953, 596
762, -734, 534
795, -490, 461
672, -235, 372
672, -235, 372
424, 8, 324
198, 206, 245
70, 404, 228
-10, 543, 231
-312, 706, 87
-312, 706, 87
-902, 977, 54
-1302, 1006, 34
-1121, 762, 30
-665, 594, 19
-516, 469, -107
-695, 440, -265
-995, 508, -374
-1343, 512, -373
-1407, 477, -269
-1408, 433, -90
-1795, 447, 185
-1998, 667, 424
-1998, 667, 424
-1998, 609, 813
-1998, 477, 1104
-1858, 312, 1070
-1725, -73, 1057
-1739, -308, 1161
-1643, -488, 1502
-1174, -1185, 1971
-987, -1362, 1998
-797, -1290, 1955
-566, -1183, 1639
-108, -1152, 1245
391, -1144, 936
589, -1097, 596
493, -1009, 296
362, -854, 94
303, -717, -140
351, -609, -246
351, -609, -246
-,-,-
-598, -1254, 339
-683, -1364, 336
-716, -1463, 315
-752, -1504, 236
-862, -1567, 267
-883, -1637, 330
-746, -1644, 301
-463, -1635, 187
-215, -1617, 197
50, -1570, 323
262, -1466, 454
403, -1300, 551
394, -1122, 583
404, -909, 588
404, -909, 588
434, -716, 476
480, -511, 396
451, -266, 311
242, -70, 230
70, 154, 137
-38, 280, 97
-38, 280, 97
-77, 463, 101
-129, 645, -76
-258, 812, -288
-491, 677, -182
-648, 562, -26
-636, 504, -33
-735, 438, -71
-1268, 483, 52
-1268, 483, 52
-1746, 512, 137
-1863, 403, 156
-1843, 258, 360
-1998, 129, 603
-1998, 201, 1037
-1998, 263, 1145
-1998, 106, 1027
-1998, -134, 958
-1948, -398, 1182
-1729, -709, 1551
-1312, -1126, 1673
-773, -1421, 1739
-362, -1565, 1824
105, -1553, 1414
226, -1428, 939
226, -1428, 939
243, -1269, 579
233, -1079, 309
174, -921, 246
-,-,-
-768, -1008, 389
-873, -1228, 114
-889, -1399, 82
-1071, -1516, 221
-1128, -1697, 309
-980, -1782, 570
-886, -1848, 841
-715, -1891, 935
-492, -1897, 814
-245, -1808, 700
43, -1649, 767
291, -1489, 882
509, -1302, 898
647, -1079, 778
690, -841, 575
695, -559, 364
629, -320, 197
528, -86, 109
528, -86, 109
371, 149, 74
179, 309, 73
-2, 423, 67
-30, 546, -29
-30, 546, -29
-4, 691, 35
-173, 811, 201
-597, 885, 309
-1050, 808, 225
-1080, 667, -17
-978, 635, -39
-1126, 652, 242
-1426, 537, 511
-1373, 439, 441
-1373, 439, 441
-1275, 463, 279
-1793, 367, 675
-1998, 418, 1102
-1998, 510, 1250
-1916, 414, 1398
-1793, 58, 1445
-1888, -475, 1419
-1726, -805, 1681
-1452, -919, 1994
-1103, -1121, 1998
-402, -1339, 1998
-199, -1264, 1696
-43, -1131, 1341
207, -961, 1068
504, -786, 554
594, -733, 174
594, -733, 174
573, -563, -167
-,-,-
-1080, -1224, 214
-1035, -1302, 392
-926, -1315, 473
-915, -1469, 418
-988, -1695, 414
-1025, -1838, 454
-953, -1853, 545
-616, -1811, 556
-137, -1757, 596
326, -1688, 711
668, -1561, 906
906, -1339, 984
1083, -1074, 803
1136, -819, 627
1173, -553, 425
1122, -242, 228
823, 44, 166
823, 44, 166
691, 311, 132
684, 558, 45
546, 847, 47
128, 1126, 76
128, 1126, 76
-431, 1299, -26
-876, 1102, 19
-886, 898, 171
-728, 742, 150
-774, 595, 157
-1095, 529, 401
-1160, 729, 196
-1713, 935, 160
-1998, 878, 413
-1998, 903, 499
-1998, 887, 504
-1998, 719, 640
-1998, 719, 640
-1998, 344, 939
-1998, -234, 973
-1998, -446, 1062
-1553, -333, 1557
-913, -585, 1998
-714, -1345, 1998
-513, -1351, 1974
-265, -1285, 1508
65, -1185, 952
279, -1098, 583
407, -950, 371
407, -950, 371
500, -759, 178
332, -609, -92
157, -507, -29
49, -416, -42
-,-,-
-1221, -1254, 466
-1423, -1448, 336
-1402, -1477, 492
-1188, -1541, 674
-862, -1574, 510
-540, -1593, 549
206, -1563, 710
206, -1563, 710
353, -1452, 723
355, -1316, 638
320, -1158, 597
315, -1000, 516
379, -841, 407
453, -689, 287
514, -496, 231
513, -264, 217
311, -24, 160
182, 187, 136
182, 187, 136
354, 380, -53
572, 594, -341
308, 905, -268
-214, 1000, 65
-596, 869, 205
-819, 771, 230
-937, 707, 193
-1169, 674, 236
-1169, 674, 236
-1351, 635, 277
-1688, 531, 478
-1846, 384, 526
-1814, 301, 399
-1797, 384, 368
-1984, 373, 710
-1998, 353, 1183
-1998, 155, 1529
-1998, -107, 1523
-1903, -304, 1609
-1680, -521, 1589
-1414, -699, 1433
-1168, -873, 1410
-846, -1002, 1770
-18, -1127, 1837
260, -1122, 1114
354, -1038, 568
354, -1038, 568
517, -1013, 554
712, -980, 516
-,-,-
-848, -1220, 185
-1106, -1404, 290
-1105, -1530, 116
-1108, -1641, 133
-1117, -1700, 276
-1098, -1669, 475
-905, -1687, 638
-672, -1666, 576
-436, -1591, 508
-87, -1461, 527
132, -1389, 607
194, -1339, 610
309, -1228, 531
586, -1012, 407
812, -859, 364
960, -570, 429
894, -265, 364
711, 118, 156
356, 314, 23
356, 314, 23
178, 469, 89
-31, 706, 61
-447, 861, -30
-881, 817, 2
-881, 817, 2
-886, 645, -61
-625, 547, -135
-591, 496, -101
-830, 428, 82
-1035, 366, 247
-1036, 306, 121
-1138, 401, 87
-1695, 599, 488
-1998, 593, 910
-1998, 349, 915
-1909, 238, 1029
-1842, 204, 1278
-1834, 140, 1414
-1628, 37, 1100
-1628, 37, 1100
-1491, -342, 611
-1498, -658, 580
-1363, -718, 1146
-1267, -1047, 1841
-995, -1273, 1786
-682, -1312, 1746
-598, -1227, 1604
-338, -1094, 1408
59, -1001, 998
262, -934, 521
-,-,-
-1283, -1090, 161
-1410, -1322, 194
-1230, -1427, 426
-1083, -1474, 540
-1069, -1591, 483
-1057, -1796, 571
-870, -1824, 626
-732, -1740, 422
-541, -1622, 297
-372, -1512, 276
-198, -1346, 202
11, -1210, 175
176, -1080, 312
286, -911, 288
483, -719, 179
710, -517, 111
886, -336, 25
886, -336, 25
939, -162, 0
743, 57, 111
477, 263, 215
309, 509, 157
139, 662, -35
139, 662, -35
-149, 777, 19
-535, 790, 293
-661, 702, 266
-789, 632, 173
-1162, 548, 308
-1541, 484, 508
-1738, 411, 432
-1882, 283, 242
-1966, 242, 239
-1998, 172, 780
-1998, 172, 780
-1998, 132, 1134
-1998, 41, 1358
-1998, -121, 1419
-1969, -351, 1479
-1781, -761, 1829
-851, -1321, 1923
-380, -1324, 1851
-108, -1257, 1626
88, -1163, 1279
232, -1078, 937
430, -974, 659
644, -924, 389
644, -924, 389
699, -844, 207
577, -752, 54
-,-,-
-1164, -1276, 413
-1285, -1378, 508
-1258, -1468, 456
-1175, -1498, 429
-1099, -1566, 429
-882, -1601, 334
-534, -1561, 197
-330, -1533, 116
-98, -1500, 291
147, -1418, 507
411, -1308, 516
671, -1152, 582
791, -974, 601
672, -751, 583
498, -511, 534
438, -322, 490
415, -167, 369
297, 15, 224
210, 250, -182
210, 250, -182
49, 332, -436
-84, 413, -317
-219, 495, 1
-342, 543, 186
-383, 503, 312
-414, 374, 271
-414, 374, 193
-472, 306, 193
-596, 402, 317
-1170, 580, 573
-1899, 647, 719
-1998, 593, 576
-1998, 581, 481
-1998, 513, 484
-1998, 496, 755
-1998, 516, 820
-1878, 345, 732
-1583, 81, 794
-1410, -287, 1093
-1307, -560, 1444
-1123, -852, 1638
-849, -1143, 1889
-459, -1400, 1998
-283, -1569, 1998
-163, -1496, 1811
-40, -1349, 1335
88, -1187, 983
238, -1034, 619
391, -877, 283
-,-,-
-1134, -952, 290
-1371, -1088, 362
-1425, -1268, 219
-1373, -1444, 424
-1355, -1625, 565
-1279, -1633, 671
-1057, -1612, 857
-653, -1640, 886
-171, -1652, 853
208, -1532, 795
529, -1409, 569
804, -1250, 321
889, -1085, 52
868, -881, -7
803, -677, 78
702, -427, 64
702, -427, 64
700, -183, -12
695, 23, 97
609, 239, 244
525, 542, 276
327, 815, 230
327, 815, 230
53, 975, 232
-265, 969, 232
-627, 980, 334
-1164, 940, 546
-1603, 874, 571
-1954, 820, 567
-1998, 776, 251
-1998, 645, 133
-1998, 492, 297
-1998, 413, 475
-1998, 384, 644
-1998, 384, 644
-1998, 386, 633
-1998, 158, 186
-1998, -378, 393
-1836, -684, 1351
-1425, -862, 1700
-1135, -984, 1893
-841, -1145, 1428
-741, -1120, 1055
-613, -1001, 839
-487, -902, 712
-436, -881, 684
-184, -858, 557
123, -793, 265
123, -793, 265
253, -737, -28
-,-,-
-952, -1146, 286
-1319, -1312, 402
-1495, -1484, 477
-1445, -1574, 293
-1374, -1678, 228
-1053, -1730, 319
-616, -1721, 267
-216, -1674, 177
130, -1600, 118
505, -1484, 252
755, -1291, 511
875, -1053, 739
922, -806, 881
934, -541, 744
835, -250, 532
512, 15, 400
123, 256, 386
123, 256, 386
-70, 430, 218
-10, 593, 76
47, 804, -127
-170, 898, -250
-467, 861, 14
-747, 740, 223
-747, 740, 223
-888, 605, 49
-997, 550, 23
-1218, 539, 193
-1579, 569, 400
-1844, 503, 350
-1889, 406, 309
-1938, 307, 521
-1998, 331, 707
-1998, 299, 1091
-1998, 232, 1131
-1913, -14, 1045
-1793, -341, 1110
-1599, -633, 1366
-1345, -865, 1609
-1056, -1001, 1808
-704, -1135, 1753
-452, -1246, 1533
-283, -1201, 1343
-109, -1069, 1091
20, -971, 725
196, -870, 395
255, -788, 168
236, -692, 107
-,-,-
-1215, -942, 123
-1283, -1090, 345
-1293, -1151, 313
-1368, -1285, 170
-1425, -1469, 157
-1156, -1527, 117
-769, -1535, 140
-483, -1597, 336
-190, -1676, 572
158, -1624, 732
358, -1446, 740
398, -1241, 626
509, -1026, 535
695, -808, 419
918, -632, 391
892, -447, 419
656, -233, 399
325, -7, 321
325, -7, 321
197, 209, 194
78, 409, 50
-287, 599, 64
-747, 663, 134
-747, 663, 134
-727, 574, 43
-467, 546, -155
-614, 583, -176
-1036, 423, -62
-1361, 360, 111
-1435, 334, 92
-1483, 211, 6
-1706, 141, 172
-1924, 133, 267
-1998, 184, 360
-1998, 148, 629
-1998, 148, 629
-1998, -2, 1023
-1998, -259, 1058
-1998, -479, 1028
-1419, -1015, 1329
-1323, -1341, 1523
-1045, -1309, 1652
-819, -1201, 1654
-653, -1041, 1453
-325, -858, 1023
-62, -836, 792
196, -791, 422
372, -809, 81
-,-,-
-822, -919, 415
-1051, -1066, 162
-1101, -1136, 25
-1245, -1133, -175
-1622, -1386, 389
-1153, -1685, 520
-759, -1793, 447
-460, -1827, 428
-175, -1773, 370
116, -1667, 494
363, -1510, 656
553, -1304, 791
553, -1304, 791
636, -1038, 733
656, -740, 499
664, -509, 364
680, -272, 350
594, -49, 308
418, 215, 169
92, 487, 15
92, 487, 15
-167, 617, -63
-235, 683, -54
-390, 674, 65
-686, 646, 143
-882, 594, 107
-871, 522, 42
-871, 522, 42
-861, 424, 16
-1041, 434, 115
-1406, 463, 161
-1879, 397, 186
-1998, 347, 257
-1998, 357, 400
-1998, 379, 660
-1998, 238, 858
-1998, 0, 894
-1998, -249, 992
-1841, -433, 1496
-1448, -730, 1680
-1092, -1133, 1537
-804, -1418, 1569
-499, -1436, 1624
-398, -1349, 1352
-219, -1213, 1092
104, -1113, 694
334, -1023, 485
441, -914, 308
-,-,-
-1076, -1098, 75
-1212, -1212, 302
-1392, -1293, 319
-1489, -1426, 190
-1370, -1489, 236
-1038, -1525, 377
-722, -1516, 385
-460, -1512, 371
-193, -1486, 464
60, -1447, 599
424, -1328, 806
741, -1174, 836
812, -993, 783
785, -747, 672
785, -747, 672
721, -483, 549
632, -204, 379
539, 60, 268
334, 340, 255
-66, 578, 149
-364, 825, -77
-627, 785, -256
-627, 785, -256
-683, 660, -56
-625, 583, -15
-738, 530, 40
-1025, 516, -22
-1310, 500, 124
-1554, 566, 297
-1841, 548, 283
-1871, 511, 24
-1949, 438, 122
-1998, 472, 478
-1998, 449, 956
-1997, 292, 1021
-1827, 8, 886
-1827, 8, 886
-1604, -429, 1098
-1374, -890, 1456
-911, -1115, 1789
-596, -1371, 1832
-483, -1703, 1414
-394, -1593, 1161
-253, -1385, 866
-148, -1194, 614
20, -972, 332
15, -774, 178
15, -774, 178
-,-,-
-751, -992, -223
-1065, -1254, -129
-1145, -1429, 79
-1195, -1551, 209
-1361, -1654, 340
-1417, -1714, 582
-742, -1757, 625
-302, -1783, 531
8, -1634, 572
8, -1634, 572
192, -1419, 780
489, -1180, 946
586, -973, 766
671, -746, 535
734, -520, 390
706, -258, 259
625, -19, 217
461, 256, 142
461, 256, 142
124, 621, -14
-188, 738, -284
-439, 733, -372
-524, 761, -387
-810, 712, -135
-1181, 674, 236
-1272, 617, 256
-1176, 529, 108
-1231, 451, 77
-1412, 378, 65
-1412, 378, 65
-1552, 313, 132
-1584, 248, 268
-1679, 229, 542
-1904, 260, 820
-1998, 236, 917
-1998, -46, 956
-1998, -489, 776
-1813, -842, 935
-1353, -1032, 1494
-963, -1347, 1917
-536, -1608, 1959
-408, -1688, 1642
-408, -1557, 1282
-338, -1390, 961
-203, -1232, 684
31, -1057, 361
170, -910, 136
135, -743, 46
26, -574, -59
-17, -498, -84
-,-,-
-1138, -1221, 211
-1425, -1335, 198
-1520, -1444, 226
-1356, -1482, 228
-1216, -1487, 185
-1035, -1448, 247
-848, -1444, 271
-614, -1444, 266
-234, -1403, 325
143, -1312, 462
444, -1206, 608
652, -1034, 677
767, -827, 658
791, -604, 466
745, -371, 245
684, -98, 245
684, -98, 245
490, 188, 173
63, 469, 89
-337, 647, 60
-420, 746, -26
-448, 783, -45
-715, 757, 73
-715, 757, 73
-987, 671, 94
-1166, 641, -7
-1367, 648, -51
-1745, 689, 170
-1994, 657, 239
-1947, 495, 25
-1688, 389, -176
-1676, 360, 95
-1837, 365, 769
-1939, 230, 1164
-1864, -34, 1202
-1859, -418, 1150
-1747, -739, 1280
-1413, -916, 1654
-1096, -1130, 1919
-704, -1244, 1846
-433, -1307, 1511
-264, -1301, 1221
-67, -1172, 911
116, -1030, 455
281, -943, 145
334, -842, 22
-,-,-
-1511, -853, 368
-1650, -1092, 239
-1607, -1335, 278
-1251, -1383, 483
-960, -1488, 357
-658, -1545, 245
-209, -1602, 441
161, -1641, 679
371, -1576, 821
441, -1377, 943
421, -1187, 916
468, -986, 845
528, -849, 642
583, -644, 471
457, -435, 259
338, -96, 118
338, -96, 118
107, 148, 53
-90, 415, -80
-201, 617, -242
-262, 659, -455
-295, 633, -588
-416, 608, -416
-551, 576, -127
-556, 616, -2
-713, 598, 89
-713, 598, 89
-1019, 587, 289
-1356, 556, 318
-1591, 524, 167
-1708, 492, 91
-1643, 471, 199
-1761, 526, 494
-1998, 550, 890
-1998, 479, 1185
-1998, 134, 1131
-1998, -377, 1079
-1822, -637, 1555
-1220, -901, 1930
-629, -1227, 1998
-346, -1440, 1998
-374, -1460, 1798
-381, -1324, 1298
-250, -1163, 810
-73, -1054, 633
44, -896, 460
107, -723, 188
236, -685, 124
-,-,-
-1413, -657, -136
-1632, -831, -48
-1746, -969, 18
-1787, -1179, 54
-1683, -1344, 137
-1444, -1509, 334
-1017, -1648, 316
-561, -1702, 393
-157, -1634, 528
128, -1591, 828
346, -1397, 1048
542, -1133, 1024
671, -907, 863
739, -642, 575
762, -354, 223
787, -112, 135
778, 128, 89
778, 128, 89
686, 368, -107
478, 575, -320
181, 738, -480
-44, 806, -559
-170, 942, -366
-632, 1085, 68
-1192, 1123, 597
-1564, 1116, 438
-1921, 1031, 538
-1998, 864, 639
-1998, 864, 639
-1890, 731, 361
-1730, 569, 93
-1852, 547, 116
-1998, 537, 314
-1998, 492, 730
-1998, 211, 864
-1935, -87, 1157
-1573, -385, 1491
-1261, -821, 1616
-1145, -1326, 1504
-1026, -1479, 1593
-672, -1423, 1676
-379, -1213, 920
-307, -1041, 533
-269, -911, 143
-269, -911, 143
-101, -818, 61
-,-,-
-1998, -1156, -183
-1955, -1438, 56
-1398, -1556, 128
-697, -1661, 251
-215, -1684, 415
45, -1587, 779
222, -1477, 1197
270, -1348, 1492
378, -1159, 1344
509, -935, 976
539, -701, 591
405, -465, 308
326, -260, 233
370, -89, 129
322, 70, 1
322, 70, 1
153, 264, -35
-136, 445, -38
-327, 541, -141
-358, 603, -178
-364, 628, -117
-566, 594, -57
-716, 541, 58
-716, 541, 58
-798, 537, -2
-1091, 600, 24
-1464, 630, 218
-1782, 609, 262
-1953, 611, 238
-1998, 612, 287
-1998, 617, 370
-1998, 612, 484
-1998, 422, 659
-1975, 76, 629
-1797, -318, 699
-1584, -578, 969
-1497, -835, 1469
-1281, -1081, 1698
-854, -1292, 1705
-545, -1401, 1607
-420, -1346, 1385
-363, -1235, 989
-183, -1049, 653
76, -868, 370
-,-,-
-1226, -937, -24
-1405, -1061, -113
-1513, -1189, -359
-1483, -1255, -67
-1341, -1327, -43
-1085, -1340, -182
-841, -1316, 41
-485, -1323, 401
-140, -1358, 760
110, -1265, 917
203, -1130, 969
300, -931, 854
413, -722, 681
456, -495, 545
363, -278, 417
208, -46, 171
208, -46, 171
39, 91, 70
1, 205, 171
18, 336, 114
-77, 427, -38
-77, 427, -38
-212, 519, -176
-309, 572, -234
-465, 559, -122
-630, 564, -36
-792, 646, -206
-1118, 794, -238
-1813, 832, 265
-1998, 780, 513
-1998, 722, 69
-1998, 694, -211
-1998, 724, -10
-1998, 613, 516
-1998, 266, 944
-1998, -204, 1183
-1867, -619, 1463
-1582, -1047, 1879
-1275, -1483, 1998
-838, -1619, 1906
-510, -1513, 1281
-310, -1313, 500
-283, -1124, -51
-,-,-
-1288, -596, 43
-1517, -793, 11
-1647, -982, -231
-1728, -1187, -181
-1558, -1391, -15
-1361, -1585, 341
-963, -1677, 643
-513, -1738, 714
-278, -1809, 977
-87, -1707, 1299
85, -1434, 1539
290, -1169, 1216
341, -909, 717
303, -654, 461
353, -442, 385
518, -228, 310
635, -40, 128
635, -40, 128
670, 185, -116
668, 424, -264
605, 667, -204
141, 726, 101
-329, 819, 310
-622, 964, -2
-622, 964, -2
-744, 889, -416
-735, 732, -295
-951, 713, 46
-1459, 782, 128
-1966, 745, 243
-1967, 758, 159
-1934, 764, -48
-1998, 675, 22
-1998, 613, 622
-1998, 433, 1224
-1998, 59, 1390
-1998, -442, 1208
-1872, -874, 1029
-1601, -1036, 1481
-1410, -1181, 1842
-910, -1193, 1781
-406, -1137, 1079
-109, -1087, 451
-22, -926, 165
200, -720, 121
-,-,-
-1689, -764, 65
-1840, -901, 579
-1799, -1069, 97
-1850, -1318, 37
-1587, -1474, -31
-1243, -1562, 152
-819, -1585, 531
-353, -1571, 745
5, -1538, 787
204, -1449, 897
228, -1270, 1040
304, -1023, 1122
388, -776, 889
438, -582, 383
469, -434, 102
551, -280, 0
551, -280, 0
703, -77, -28
630, 78, -10
423, 318, -75
128, 511, -127
128, 511, -127
-141, 681, -70
-324, 844, -110
-506, 937, 12
-837, 832, 201
-1022, 746, 85
-1184, 752, -75
-1421, 695, -143
-1584, 590, -78
-1542, 505, 59
-1397, 561, 10
-1640, 576, 266
-1996, 495, 814
-1996, 495, 814
-1998, 369, 1088
-1998, 85, 1224
-1998, -254, 1637
-1865, -673, 1805
-1284, -1004, 1970
-914, -1316, 1980
-632, -1236, 1511
-282, -1151, 906
-16, -1053, 609
341, -884, 317
-,-,-
-1191, -667, 175
-1423, -729, 174
-1741, -790, -120
-1998, -804, 4
-1998, -890, 289
-1897, -1067, 474
-1405, -1292, 601
-856, -1517, 633
33, -1639, 457
33, -1717, 457
321, -1668, 695
465, -1566, 1000
572, -1325, 1191
529, -1103, 1080
500, -907, 753
518, -664, 581
587, -447, 435
699, -233, 295
619, -76, 168
319, 121, 112
106, 373, 18
106, 373, 18
-32, 675, -119
-210, 844, -225
-424, 848, -208
-634, 770, -98
-691, 741, -241
-801, 668, -221
-983, 601, -28
-1124, 613, 81
-1124, 613, 81
-1255, 675, 76
-1507, 614, 119
-1693, 478, 235
-1670, 356, 299
-1504, 362, 482
-1731, 377, 881
-1998, 216, 1168
-1998, -103, 1095
-1998, -223, 960
-1862, -461, 1163
-1604, -868, 1353
-1188, -1183, 1422
-666, -1339, 1296
-371, -1286, 1331
-330, -1143, 1172
-,-,-
-1571, -816, 275
-1982, -942, 252
-1975, -1031, 192
-1890, -1101, 253
-1858, -1255, 264
-1448, -1344, 469
-961, -1446, 579
-597, -1567, 572
-350, -1580, 649
-43, -1513, 945
307, -1449, 1254
478, -1322, 1299
459, -1159, 971
467, -928, 736
469, -693, 616
520, -485, 438
568, -272, 267
568, -272, 267
469, -73, 13
331, 79, -105
398, 260, -28
297, 522, 8
-162, 674, -8
-162, 674, -8
-432, 666, -22
-331, 648, -30
-312, 669, -55
-600, 697, 57
-1051, 781, 171
-1488, 826, 151
-1608, 767, 10
-1518, 669, -75
-1518, 669, -75
-1645, 589, -41
-1874, 564, 65
-1925, 505, 243
-1998, 427, 510
-1998, 313, 927
-1998, 89, 1140
-1995, -259, 1051
-1717, -494, 907
-1290, -697, 1001
-1170, -899, 1279
-1230, -1032, 1405
-1159, -1047, 1243
-813, -1001, 868
-465, -972, 612
-333, -967, 669
-189, -951, 686
-,-,-
-1260, -801, 380
-1488, -874, 123
-1700, -937, -99
-1946, -1000, 154
-1998, -1036, 315
-1994, -1147, 338
-1731, -1232, 349
-1231, -1397, 367
-683, -1504, 463
-438, -1600, 554
-300, -1603, 757
-48, -1500, 836
271, -1394, 752
513, -1281, 775
496, -1118, 699
472, -890, 468
407, -725, 203
407, -725, 203
347, -501, 34
265, -272, 44
25, -17, 119
-300, 193, 35
-487, 316, -29
-461, 333, -8
-461, 333, -8
-338, 329, -32
-290, 382, -178
-369, 447, -213
-534, 434, -32
-628, 377, 191
-662, 348, 120
-850, 341, -108
-1152, 341, -109
-1270, 391, 26
-1350, 474, -54
-1567, 493, -262
-1784, 430, -352
-1888, 444, -266
-1949, 499, -48
-1949, 499, -48
-1949, 562, 385
-1875, 384, 582
-1887, 10, 688
-1902, -437, 956
-1690, -870, 1368
-1148, -1136, 1593
-731, -1356, 1539
-462, -1398, 1445
-535, -1076, 1371
-539, -906, 998
-384, -801, 649
-384, -801, 649
-,-,-
-1546, -690, -78
-1646, -758, -119
-1714, -827, -208
-1784, -1019, -112
-1644, -1181, -8
-1223, -1309, 176
-803, -1467, 372
-588, -1548, 493
-561, -1528, 739
-491, -1432, 1036
-259, -1329, 1231
103, -1211, 1064
340, -1030, 639
428, -859, 417
501, -698, 580
602, -513, 545
587, -348, 374
459, -90, 127
329, 195, -100
329, 195, -100
189, 410, -264
-27, 556, -220
-404, 674, -71
-725, 666, 69
-688, 683, -8
-738, 644, -165
-841, 575, -159
-919, 544, 8
-919, 544, 8
-1089, 543, 76
-1355, 535, 66
-1603, 512, 0
-1817, 488, -18
-1882, 507, -14
-1878, 525, 127
-1918, 549, 85
-1998, 524, 11
-1998, 524, 11
-1998, 401, 297
-1868, 147, 645
-1758, -369, 849
-1750, -778, 941
-1676, -1055, 1467
-1418, -1193, 1994
-944, -1275, 1998
-158, -1185, 1057
-112, -1016, 647
-92, -864, 357
-,-,-
-1705, -782, -120
-1994, -931, -215
-1975, -1008, -3
-1836, -1108, 161
-1539, -1255, 95
-1056, -1369, 179
-722, -1499, 309
-475, -1590, 415
-179, -1538, 606
-115, -1501, 768
-63, -1389, 845
132, -1166, 809
268, -943, 584
264, -745, 419
246, -514, 315
170, -320, 182
267, -174, -8
267, -174, -8
288, -105, -77
373, -27, 16
440, 223, 83
169, 483, 104
-232, 632, 31
-232, 632, 31
-192, 726, 43
-296, 885, 128
-817, 973, 220
-1330, 1007, 462
-1648, 968, 500
-1772, 969, 325
-1863, 954, 46
-1998, 874, -94
-1998, 744, -33
-1998, 598, -19
-1998, 475, 66
-1998, 475, 66
-1998, 393, 292
-1976, 120, 561
-1921, -526, 988
-1790, -1147, 1083
-1346, -1331, 1335
-922, -1405, 1559
-147, -1262, 978
-6, -1117, 542
-6, -1117, 542
16, -934, 224
-,-,-
-1261, -658, -159
-1412, -756, -58
-1491, -670, -25
-1739, -726, 40
-1998, -789, 204
-1998, -983, 178
-1992, -1055, 267
-1584, -1148, 476
-1109, -1265, 828
-675, -1306, 1048
-298, -1293, 1017
-63, -1189, 1023
103, -997, 1051
345, -805, 1066
532, -624, 840
632, -471, 566
705, -333, 400
771, -141, 277
818, 119, 67
818, 119, 67
662, 333, -113
339, 532, -126
-134, 724, 26
-508, 865, 62
-869, 1038, 39
-869, 1038, 39
-1274, 1172, 60
-1717, 1156, 52
-1969, 1084, 108
-1982, 919, 86
-1942, 736, -16
-1920, 649, 119
-1998, 514, 356
-1998, 415, 563
-1998, 99, 567
-1998, -254, 762
-1967, -551, 1226
-1799, -781, 1457
-1667, -910, 1447
-1316, -984, 1349
-649, -1064, 1019
-82, -1137, 585
296, -1080, 247
391, -1000, 35
398, -917, 103
349, -841, 306
-,-,-
-1755, -626, 139
-1964, -630, 412
-1967, -630, 105
-1965, -833, 95
-1829, -977, 285
-1567, -1124, 421
-1189, -1322, 466
-595, -1426, 403
-125, -1423, 298
167, -1388, 469
432, -1314, 906
632, -1195, 1229
868, -969, 1275
937, -712, 1053
847, -400, 722
847, -400, 722
620, -60, 357
270, 217, 99
95, 490, 67
-126, 661, 126
-450, 774, 151
-450, 774, 74
-500, 809, 74
-429, 873, 86
-559, 871, 42
-785, 786, -57
-729, 804, -301
-804, 863, -346
-1205, 938, 15
-1854, 991, 474
-1854, 991, 474
-1998, 932, 526
-1998, 918, 487
-1998, 775, 513
-1998, 539, 613
-1998, 230, 894
-1924, -204, 1209
-1759, -656, 1153
-1596, -938, 1132
-1187, -1025, 1494
-626, -1063, 1279
-468, -1007, 967
-302, -957, 635
-23, -880, 372
-23, -880, 372
-,-,-
-1791, -645, 621
-1865, -630, 333
-1996, -689, -138
-1998, -816, 67
-1998, -1031, 419
-1954, -1158, 367
-1534, -1287, 147
-957, -1449, 250
-352, -1570, 634
253, -1609, 1095
725, -1469, 1441
857, -1230, 1606
598, -947, 1527
556, -621, 1073
788, -372, 469
909, -154, 131
909, 108, 42
641, 514, 85
641, 514, 85
106, 851, 23
-252, 949, 37
-310, 1005, -81
-397, 1116, -272
-666, 1180, -299
-1168, 1224, -53
-1640, 1113, -5
-1793, 1042, -367
-1962, 931, -439
-1998, 827, -462
-1997, 821, -428
-1998, 761, -117
-1998, 699, 117
-1998, 517, 409
-1998, 83, 810
-1998, -456, 1236
-1998, -663, 1461
-1924, -609, 1526
-1470, -656, 1284
-806, -781, 1088
-46, -915, 930
198, -956, 606
185, -902, 415
226, -803, 261
226, -803, 261
-,-,-
-1942, -326, 45
-1998, -512, 267
-1998, -746, 585
-1969, -836, 572
-1692, -1011, 350
-1371, -1170, 284
-1000, -1296, 231
-474, -1346, 311
81, -1361, 541
612, -1290, 756
908, -1171, 868
829, -1008, 813
689, -860, 719
609, -688, 621
740, -411, 448
652, -88, 273
652, -88, 273
244, 160, 251
-244, 399, 233
-372, 508, 35
-69, 701, -181
145, 816, -320
35, 862, -349
35, 862, -349
-268, 954, -257
-803, 928, 9
-1203, 804, 349
-1199, 924, 92
-1547, 1061, -359
-1994, 1138, -354
-1998, 1160, -178
-1998, 1026, -379
-1998, 837, -540
-1998, 599, -321
-1998, 250, 327
-1969, -264, 1049
-1670, -707, 1676
-1153, -913, 1746
-668, -1010, 1276
-282, -936, 727
-78, -809, 475
-,-,-
-1579, -516, -2
-1579, -516, -2
-1924, -601, 99
-1998, -667, 31
-1969, -796, 30
-1855, -985, 20
-1787, -1155, 289
-1607, -1245, 467
-1311, -1388, 515
-777, -1469, 631
-314, -1415, 810
14, -1300, 924
258, -1228, 953
468, -1081, 1025
601, -848, 1000
686, -670, 762
722, -450, 506
709, -216, 326
638, -3, 235
556, 305, 18
556, 305, 18
413, 609, -235
161, 768, -306
-128, 850, -106
-431, 970, 84
-684, 1025, -17
-848, 1095, -206
-1134, 1187, -327
-1434, 1075, -279
-1400, 895, -174
-1288, 706, -192
-1256, 749, -567
-1675, 899, -710
-1998, 958, -337
-1998, 921, 240
-1998, 772, 309
-1998, 331, 464
-1998, -210, 836
-1782, -525, 1331
-1328, -737, 1672
-956, -909, 1669
-599, -978, 1376
-279, -955, 1000
-131, -879, 708
-,-,-
-1189, -398, -126
-1553, -425, 105
-1865, -339, -83
-1998, -456, -226
-1998, -712, 81
-1976, -953, 494
-1625, -1139, 638
-1232, -1375, 661
-861, -1584, 768
-397, -1573, 1001
21, -1437, 1164
554, -1242, 1420
924, -998, 1446
924, -998, 1446
949, -749, 1187
779, -454, 786
631, -210, 302
540, 56, 52
409, 298, -46
70, 520, -116
-111, 682, -274
38, 825, -400
38, 825, -400
-36, 867, -426
-399, 834, -218
-781, 834, 78
-1010, 810, 60
-1107, 707, -78
-1186, 613, -214
-1366, 640, -318
-1797, 727, -221
-1998, 758, 99
-1998, 745, 394
-1998, 676, 512
-1998, 550, 828
-1998, 144, 1237
-1807, -475, 1307
-1243, -836, 1421
-831, -1027, 1407
-599, -1087, 1451
-,-,-
-1493, -671, -382
-1747, -502, -218
-1928, -397, 244
-1998, -637, 335
-1998, -899, 402
-1878, -1048, 413
-1541, -1216, 259
-1016, -1517, 253
-415, -1614, 635
-166, -1579, 1115
-176, -1466, 1445
-96, -1312, 1306
253, -1154, 898
600, -933, 746
667, -742, 767
585, -533, 561
528, -326, 258
481, -165, -22
429, -75, -155
463, 55, -197
463, 55, -197
558, 315, -218
374, 532, -264
-4, 659, -113
-302, 704, 118
-317, 809, -26
-526, 900, -253
-891, 984, -257
-1448, 1025, -1
-1448, 1025, -1
-1823, 928, 67
-1741, 896, -174
-1879, 843, -174
-1995, 815, -74
-1998, 760, 85
-1998, 623, 248
-1947, 464, 542
-1718, 118, 798
-1749, -400, 872
-1736, -678, 1021
-1484, -690, 967
-1313, -728, 779
-1102, -744, 824
-805, -804, 807
-570, -895, 666
-,-,-
-1107, -323, -195
-1592, -265, -158
-1800, -312, 66
-1744, -495, 131
-1862, -776, -36
-1951, -936, 75
-1993, -1025, 222
-1839, -1156, 443
-1228, -1236, 684
-465, -1282, 973
-24, -1299, 1136
240, -1236, 1158
280, -1194, 1165
261, -1139, 1182
485, -966, 1035
609, -788, 714
669, -574, 317
765, -267, -100
696, -57, -211
696, -57, -154
408, 141, -154
136, 332, -207
-39, 459, -327
-91, 562, -404
-67, 610, -366
-154, 672, -188
-343, 867, -24
-893, 1029, 53
-1625, 1139, 189
-1998, 1178, 396
-1998, 1148, 227
-1998, 1001, -44
-1998, 793, 8
-1998, 793, 8
-1998, 501, 412
-1998, 284, 779
-1998, 84, 858
-1818, -442, 902
-1636, -1183, 1003
-1193, -1407, 1422
-801, -1356, 1597
-435, -1338, 1382
-68, -1249, 1187
-,-,-
-1845, -747, -81
-1879, -358, -308
-1867, -417, -375
-1920, -750, -5
-1993, -1016, 167
-1876, -1292, -99
-1385, -1405, 159
-371, -1596, 572
131, -1598, 631
131, -1598, 631
368, -1571, 908
488, -1441, 1262
578, -1241, 1566
653, -974, 1394
747, -750, 784
824, -470, 372
598, -262, 227
357, -45, 152
137, 134, 30
-72, 276, -117
-145, 395, -235
-168, 523, -289
-168, 523, -289
-362, 582, -277
-475, 626, -285
-477, 678, -211
-506, 672, -120
-691, 803, -128
-1246, 950, -169
-1920, 997, 49
-1998, 958, 97
-1998, 925, -45
-1998, 806, 31
-1998, 623, 434
-1998, 447, 610
-1998, 192, 716
-1986, -280, 903
-1947, -929, 1088
-1608, -1350, 1332
-1231, -1436, 1559
-857, -1362, 1487
-532, -1231, 1261
-,-,-
-1559, -579, 104
-1559, -579, 214
-1990, -903, 45
-1990, -903, 45
-1822, -1130, 68
-1560, -1331, 275
-1143, -1417, 577
-546, -1502, 460
-123, -1464, 814
244, -1358, 1244
458, -1245, 1572
523, -1033, 1448
544, -857, 981
544, -857, 981
671, -693, 571
779, -444, 341
690, -170, 210
380, 112, 81
7, 383, -11
143, 570, -194
143, 570, -194
412, 788, -333
339, 961, -314
-8, 1062, -106
-306, 1125, 41
-553, 1352, 1
-1403, 1370, -36
-1994, 1243, 6
-1998, 1270, -132
-1998, 1204, -385
-1998, 1050, -325
-1998, 936, -6
-1998, 769, 420
-1998, 490, 763
-1845, 39, 1038
-1495, -437, 1449
-1293, -815, 1746
-1130, -970, 1857
-909, -1020, 1657
-625, -997, 1255
-432, -987, 853
-194, -899, 603
-72, -760, 357
-83, -676, 137
-108, -612, 107
-,-,-
-1650, -526, 308
-1987, -719, 238
-1990, -773, 108
-1892, -876, 308
-1758, -1057, 353
-1529, -1254, 367
-1000, -1360, 453
-695, -1452, 512
-530, -1431, 731
-478, -1287, 1160
-635, -1027, 1422
-568, -810, 1073
-269, -613, 626
-16, -413, 418
56, -295, 359
102, -183, 258
197, -103, 139
308, -74, 16
308, -74, 16
417, -20, -79
383, 63, -93
367, 136, -137
367, 265, -247
172, 397, -272
172, 397, -270
-127, 530, -270
-497, 606, -154
-651, 681, -165
-751, 866, -328
-1295, 967, -336
-1925, 854, -144
-1830, 758, -173
-1624, 829, -426
-1769, 784, -408
-1981, 600, -254
-1998, 524, 175
-1998, 490, 897
-1998, 340, 1884
-1998, -139, 1998
-1998, -453, 1998
-1826, -540, 1840
-1472, -602, 1393
-1072, -651, 1119
-705, -656, 855
-424, -599, 590
-,-,-
-1561, -421, -220
-1899, -427, 278
-1998, -516, 488
-1998, -676, 476
-1998, -889, 673
-1815, -1089, 853
-1021, -1470, 1046
-622, -1478, 993
-267, -1483, 855
35, -1392, 728
225, -1208, 546
342, -1028, 441
342, -1028, 441
600, -797, 421
754, -612, 369
756, -461, 309
708, -269, 185
571, -45, 57
390, 186, -11
238, 394, -32
238, 394, -32
123, 581, 3
6, 784, 59
-231, 980, 114
-531, 1099, 169
-651, 1188, 166
-773, 1268, 90
-773, 1268, 90
-1127, 1347, 72
-1690, 1420, -201
-1998, 1370, -228
-1998, 1211, -285
-1998, 991, -368
-1998, 770, -217
-1998, 352, 4
-1998, -53, 251
-1990, -247, 818
-1776, -410, 1573
-1707, -585, 1986
-1583, -750, 1925
-1190, -784, 1494
-224, -844, 681
-224, -844, 681
-,-,-
-724, -249, 17
-1498, -567, 249
-1790, -579, 125
-1595, -498, 265
-1857, -730, 444
-1957, -924, 347
-1822, -1059, 214
-1563, -1207, 459
-1062, -1276, 873
-439, -1331, 992
67, -1349, 990
306, -1325, 1037
437, -1203, 1076
509, -1053, 936
579, -875, 650
658, -639, 399
807, -366, 326
828, -118, 177
616, 93, -41
406, 351, -151
406, 351, -151
281, 633, -173
68, 894, -126
-264, 1071, -46
-575, 1186, 47
-966, 1260, 78
-1324, 1300, 39
-1643, 1225, 114
-1694, 1109, 116
-1624, 1015, -61
-1705, 993, -298
-1939, 1042, -191
-1998, 987, 476
-1998, 811, 1115
-1998, 495, 1374
-1991, 65, 1587
-1702, -336, 1729
-1374, -938, 1777
-1272, -1412, 1833
-1007, -1485, 1826
-676, -1505, 1422
-477, -1384, 1102
-304, -1180, 749
-93, -983, 483
-,-,-
-728, -321, 38
-1539, -301, -305
-1922, -451, -642
-1998, -898, -544
-1998, -1342, 313
-1998, -1676, 1027
-1694, -1833, 1151
-960, -1870, 598
-272, -1744, 920
369, -1591, 1790
709, -1273, 1998
869, -954, 1875
1153, -705, 976
1386, -286, 213
1498, 30, -8
1542, 391, -89
1410, 806, -429
904, 1150, -754
400, 1297, -420
64, 1404, 27
-310, 1510, -33
-310, 1510, -33
-722, 1601, -182
-1326, 1613, 71
-1906, 1602, 372
-1998, 1558, 314
-1998, 1427, -63
-1998, 1241, -315
-1998, 1208, -121
-1998, 964, 920
-1998, 964, 920
-1841, 433, 1306
-1679, -286, 1496
-1364, -784, 1351
-1232, -1092, 1672
-1386, -1208, 1711
-983, -1040, 1501
-685, -943, 802
-477, -937, 663
-,-,-
-907, -336, -301
-1774, -271, -703
-1998, -372, -716
-1998, -714, -322
-1998, -1149, -232
-1756, -1428, -27
-1068, -1595, 327
-360, -1571, 914
6, -1413, 633
6, -1413, 633
269, -1166, 658
302, -1008, 1062
406, -801, 1334
559, -558, 1282
638, -338, 874
545, -153, 412
340, 100, 116
162, 255, -55
142, 356, -84
142, 356, -84
69, 446, -155
-149, 516, -221
-208, 565, -310
-248, 671, -388
-427, 826, -365
-825, 879, -168
-1059, 885, 28
-1151, 918, -48
-1365, 1005, -169
-1771, 1089, -164
-1998, 1124, -27
-1998, 1171, 129
-1998, 1055, 384
-1998, 936, 675
-1898, 594, 916
-1702, 217, 960
-1791, -312, 1049
-1734, -639, 1266
-1525, -825, 1645
-1465, -1112, 1711
-1025, -1251, 1615
-244, -1224, 1315
41, -1210, 881
-61, -1111, 656
-61, -910, 449
-155, -706, 243
-,-,-
-1611, -879, -253
-1515, -673, -557
-1687, -903, -404
-1945, -1076, -165
-1955, -1276, 409
-1419, -1468, 1073
-302, -1621, 763
30, -1566, 709
30, -1566, 709
254, -1414, 1013
401, -1210, 1416
627, -908, 1519
737, -652, 994
819, -347, 511
740, -29, 236
759, 322, 117
748, 665, -20
476, 921, -161
163, 1096, -176
163, 1096, -176
-72, 1219, -138
-395, 1364, -109
-847, 1438, 54
-1268, 1477, 206
-1569, 1418, 181
-1633, 1312, 16
-1825, 1205, -242
-1957, 1287, -335
-1998, 1292, -144
-1998, 1198, 431
-1998, 974, 839
-1957, 600, 1151
-1774, 26, 1459
-1534, -355, 1682
-1449, -675, 1979
-1541, -872, 1998
-875, -910, 1274
-312, -807, 804
-106, -759, 452
-106, -759, 452
-141, -704, 204
-171, -566, 43
-,-,-
-693, -434, -309
-1333, -847, -238
-1512, -657, -261
-1907, -842, -361
-1998, -1019, -255
-1676, -1305, 896
-1496, -1421, 864
-1145, -1458, 801
-788, -1411, 1031
-536, -1281, 1410
-208, -1046, 1683
4, -790, 1551
55, -593, 983
351, -369, 473
692, -275, 204
692, -275, 204
897, -230, 148
942, -57, 129
901, 244, 41
736, 634, -84
564, 913, -165
344, 1057, -91
344, 1057, -91
-100, 1151, 109
-521, 1276, 124
-811, 1358, -42
-1108, 1466, -81
-1408, 1483, 125
-1770, 1342, 255
-1976, 1256, 124
-1998, 1152, -123
-1998, 1148, -310
-1998, 1124, -255
-1998, 1040, -64
-1998, 851, 244
-1998, 533, 770
-1919, 55, 1194
-1554, -359, 1315
-1143, -609, 1579
-894, -778, 1802
-754, -896, 1702
-566, -951, 1205
-239, -879, 629
-60, -826, 291
-,-,-
-1468, -396, 133
-1804, -557, 346
-1741, -639, 361
-1696, -769, 278
-1696, -981, 149
-1484, -1104, 101
-1286, -1221, 239
-1120, -1314, 515
-755, -1368, 998
-375, -1393, 1324
-247, -1318, 1839
82, -920, 1592
82, -920, 1592
258, -722, 991
366, -526, 454
435, -297, 129
613, -4, -227
608, 174, -476
329, 340, -554
220, 535, -352
247, 744, -117
247, 744, -117
138, 895, -116
-140, 1032, -119
-335, 1166, -269
-472, 1285, -335
-926, 1382, -174
-1539, 1388, -60
-1829, 1405, -310
-1988, 1369, -579
-1998, 1277, -699
-1998, 1072, -617
-1998, 570, 40
-1998, 570, 40
-1998, 231, 383
-1889, -60, 834
-1458, -315, 1237
-1408, -703, 1668
-1252, -951, 1886
-827, -1022, 1616
-430, -954, 1105
-192, -864, 683
-,-,-
-687, -190, 19
-1315, -382, -145
-1489, -390, -466
-1447, -257, -205
-1835, -460, 4
-1962, -582, 5
-1997, -801, 282
-1998, -992, 563
-1929, -1160, 507
-1558, -1371, 428
-1155, -1488, 840
-904, -1535, 1350
-654, -1480, 1589
-250, -1324, 1145
226, -1232, 479
504, -1060, 593
663, -861, 933
802, -639, 873
840, -429, 491
872, -202, 184
942, 73, -53
942, 73, -53
1009, 425, -295
984, 806, -540
524, 1012, -440
-41, 1097, -11
-302, 1180, 186
-505, 1326, -8
-950, 1379, -36
-1474, 1383, 133
-1793, 1484, 151
-1970, 1461, 59
-1998, 1333, -26
-1998, 1331, -161
-1998, 1218, -10
-1998, 1045, 329
-1946, 762, 871
-1852, 108, 1187
-1620, -369, 1388
-1510, -776, 1556
-1313, -1010, 1844
-915, -1107, 1830
-734, -1136, 1493
-563, -929, 963
-445, -885, 580
-353, -780, 373
-,-,-
-1107, -209, -318
-1583, -381, -175
-1963, -436, 85
-1998, -556, 19
-1995, -806, -4
-1995, -806, -4
-1776, -1027, 150
-1312, -1240, 256
-763, -1467, 193
-481, -1494, 594
-153, -1425, 1015
73, -1335, 1151
244, -1201, 927
360, -1004, 556
360, -1004, 556
509, -800, 298
667, -563, 155
721, -321, -22
562, -66, -194
352, 250, -223
143, 568, -190
91, 797, -195
99, 898, -107
99, 898, -107
104, 901, 52
-37, 1036, 213
-584, 1187, 388
-1256, 1172, 496
-1455, 1101, 552
-1533, 1047, 336
-1822, 1056, 230
-1998, 1159, 434
-1998, 1095, 624
-1998, 1036, 708
-1998, 667, 1174
-1994, 499, 1500
-1874, 4, 1198
-1441, -496, 1130
-836, -971, 1911
-148, -1261, 1998
236, -1386, 1856
120, -1414, 1300
-37, -1286, 913
-7, -1001, 553
-72, -778, 284
-,-,-
-860, -32, 5
-1205, -407, 17
-1963, -1087, -156
-1650, -682, -444
-1547, -1056, -22
-1383, -1208, 535
-1172, -1350, 705
-690, -1575, 736
-488, -1581, 983
-334, -1543, 1077
-65, -1393, 1026
51, -1178, 1064
46, -945, 864
46, -945, 864
117, -680, 518
205, -533, -40
351, -459, -309
506, -371, -208
646, -213, -36
580, -14, -158
467, 178, -388
375, 361, -511
343, 532, -431
343, 532, -431
185, 709, -43
-220, 859, 403
-569, 982, 495
-812, 1017, 472
-1079, 1090, 678
-1493, 1253, 893
-1994, 1191, 877
-1998, 1197, 640
-1998, 1164, 493
-1998, 1072, 667
-1964, 1032, 816
-1806, 828, 1014
-1756, 332, 1079
-1514, -261, 1022
-1097, -623, 1216
-1015, -893, 1647
-872, -1067, 1725
-590, -1192, 1582
-284, -1253, 1271
-157, -1183, 798
-221, -1094, 467
-181, -943, 247
-,-,-
-1346, -647, -240
-1784, -616, -87
-1994, -620, 388
-1998, -733, 392
-1909, -898, 468
-1623, -1051, 644
-1286, -1122, 735
-1042, -1210, 642
-660, -1274, 589
-291, -1348, 703
11, -1366, 936
83, -1343, 1017
231, -1190, 862
328, -1008, 519
436, -849, 219
582, -688, 170
718, -485, 174
614, -253, 393
253, 130, 381
253, 130, 381
-127, 382, -3
-157, 499, -249
51, 625, -229
-5, 799, -151
-420, 944, 189
-750, 979, 460
-798, 1011, 328
-952, 1016, 169
-952, 1016, 169
-1218, 1000, 165
-1460, 910, 259
-1589, 776, 436
-1649, 678, 298
-1800, 604, 199
-1992, 580, 474
-1998, 540, 891
-1970, 412, 1056
-1881, -5, 915
-1699, -414, 712
-1386, -712, 857
-1014, -902, 1326
-803, -1024, 1757
-726, -1043, 1722
-672, -966, 1251
-611, -896, 827
-471, -826, 604
-,-,-
-1245, -539, -140
-1800, -367, -39
-1998, -500, 442
-1998, -632, 728
-1998, -836, 641
-1888, -1106, 621
-1314, -1396, 494
-1162, -1451, 381
-1020, -1474, 666
-607, -1480, 1026
270, -1445, 994
787, -1266, 888
836, -1170, 827
941, -894, 879
1026, -598, 580
1026, -598, 580
958, -421, 60
877, -214, -153
724, 27, -180
526, 264, -182
382, 514, -215
284, 694, -213
219, 822, -89
158, 971, 102
158, 971, 102
-132, 1203, 327
-630, 1376, 465
-1126, 1372, 547
-1451, 1438, 626
-1837, 1501, 642
-1998, 1409, 526
-1998, 1361, 281
-1998, 1246, 98
-1998, 1123, 74
-1998, 992, 214
-1851, 735, 437
-1636, 245, 738
-1431, -303, 1071
-1245, -633, 1363
-1191, -840, 1762
-1148, -983, 1812
-1054, -1014, 1484
-838, -963, 1047
-580, -875, 652
-279, -828, 370
-,-,-
-1676, -483, -65
-1792, -535, -24
-1851, -500, -45
-1998, -479, 552
-1998, -712, 1214
-1947, -796, 1230
-1219, -902, 1023
-662, -1085, 1073
-571, -1242, 1272
-300, -1248, 1396
54, -1174, 1537
290, -1039, 1506
421, -821, 1091
455, -585, 543
542, -367, 126
610, -220, -186
618, -142, -237
652, 61, -79
652, 61, -79
464, 304, -45
218, 506, -159
216, 684, -222
259, 851, -254
132, 960, -232
-208, 1114, -113
-690, 1169, 30
-949, 1232, -99
-1103, 1267, -445
-1323, 1224, -756
-1565, 1279, -915
-1957, 1502, -716
-1998, 1669, -269
-1998, 1683, -120
-1998, 1300, -161
-1998, 1218, 421
-1998, 629, 1187
-1991, 199, 1725
-1730, -57, 1982
-1561, -360, 1905
-1225, -528, 1577
-638, -589, 1297
-150, -643, 972
139, -605, 586
-,-,-
-1761, -434, -143
-1919, -763, 282
-1757, -921, 483
-1637, -1040, 679
-1541, -1218, 1061
-1342, -1336, 960
-876, -1430, 626
-415, -1364, 764
-194, -1256, 1230
-99, -1066, 1729
-32, -791, 1634
63, -582, 908
225, -415, 312
434, -300, 56
685, -216, 0
757, -96, 54
757, -96, 54
782, 86, 60
710, 217, -58
677, 458, -133
595, 744, -125
170, 1068, -154
170, 1068, -154
-311, 1167, -105
-546, 1322, -11
-767, 1544, -113
-1301, 1640, -180
-1800, 1650, 20
-1982, 1618, -44
-1998, 1643, -224
-1998, 1574, -113
-1998, 1155, 347
-1993, 878, 920
-1993, 878, 920
-1711, 334, 1420
-1506, -230, 1743
-1186, -728, 1594
-881, -850, 1351
-409, -971, 1027
-83, -1017, 625
111, -958, 328
-,-,-
-1437, -176, -313
-1944, -395, -186
-1998, -508, 154
-1998, -777, 455
-1998, -1057, 434
-1801, -1196, 460
-1301, -1275, 551
-792, -1302, 616
-247, -1298, 837
143, -1303, 1182
361, -1184, 1601
422, -1003, 1470
676, -506, 949
676, -506, 949
694, -201, 333
731, 48, -175
656, 230, -394
544, 447, -204
472, 647, -3
360, 906, -47
360, 906, -47
143, 1121, 77
-131, 1233, 97
-399, 1388, -20
-745, 1527, -125
-1174, 1563, -161
-1551, 1578, -180
-1906, 1624, -171
-1998, 1580, -360
-1998, 1608, -482
-1998, 1701, -300
-1998, 1449, 319
-1951, 1274, 985
-1445, 679, 1534
-1324, -332, 1563
-1003, -860, 1948
-666, -1227, 1988
-20, -1276, 1112
-,-,-
-1307, -373, 82
-1971, -546, -153
-1998, -644, -342
-1977, -729, -117
-1799, -948, 302
-1615, -1192, 625
-1117, -1295, 751
-597, -1375, 671
-137, -1362, 647
48, -1312, 998
128, -1218, 1447
315, -1030, 1734
331, -865, 1392
569, -599, 960
712, -378, 576
792, -39, 289
657, 238, 177
496, 566, -73
289, 719, -183
289, 719, -183
326, 971, -205
246, 1169, -280
71, 1252, -216
-243, 1337, -66
-562, 1434, -45
-916, 1552, -89
-1439, 1664, -188
-1818, 1760, -266
-1996, 1784, -171
-1998, 1747, -173
-1998, 1449, -85
-1998, 1299, 37
-1998, 1136, 295
-1855, 706, 667
-1508, 124, 1336
-1227, -310, 1700
-963, -577, 1602
