-,-,-
285, -671, 794
202, -745, 721
172, -735, 737
158, -757, 779
165, -774, 784
139, -788, 791
139, -788, 791
101, -796, 729
121, -814, 715
168, -813, 723
178, -823, 762
159, -837, 753
150, -861, 729
199, -887, 772
291, -936, 846
262, -914, 999
262, -914, 999
331, -991, 1302
386, -1035, 1292
440, -1074, 1215
473, -1095, 1211
492, -1101, 1223
446, -1107, 1244
428, -1039, 1158
452, -976, 987
543, -886, 887
619, -812, 793
652, -761, 679
624, -723, 579
590, -639, 511
511, -558, 452
404, -478, 430
404, -478, 430
306, -425, 432
312, -327, 341
194, -352, 155
104, -291, 55
-11, -188, -64
-170, -134, -113
-259, -121, -111
-514, -96, -38
-694, -33, -54
-841, -12, -149
-899, -36, -82
-899, -36, -82
-966, -40, 150
-980, -94, 254
-906, -178, 314
-880, -236, 501
-886, -274, 688
-879, -335, 745
-838, -458, 799
-784, -584, 882
-753, -705, 1084
-918, -835, 1421
-1170, -865, 1676
-,-,-
326, -836, 724
370, -917, 754
383, -986, 778
348, -1104, 876
319, -1241, 1008
380, -1399, 1023
478, -1506, 940
568, -1580, 844
537, -1656, 792
536, -1603, 752
629, -1493, 672
708, -1345, 536
696, -1176, 486
608, -1046, 503
558, -907, 547
558, -907, 547
543, -766, 538
519, -651, 509
495, -559, 506
492, -464, 481
350, -462, 412
441, -301, 441
222, -319, 210
-74, -209, 106
-265, -96, -33
-265, -96, -33
-404, -47, -108
-498, -63, -109
-602, -81, -87
-762, -62, -120
-905, -23, -135
-958, -27, -159
-890, -108, 43
-872, -183, 279
-871, -320, 476
-937, -464, 577
-1011, -624, 665
-951, -796, 813
-778, -967, 887
-593, -1101, 1114
-,-,-
182, -944, 593
131, -1072, 598
158, -1146, 685
159, -1260, 809
132, -1384, 889
162, -1433, 950
320, -1466, 1011
531, -1495, 1022
620, -1473, 975
584, -1395, 830
581, -1280, 815
652, -1126, 872
652, -1126, 872
716, -970, 893
784, -840, 812
783, -776, 663
761, -731, 422
765, -617, 309
682, -547, 324
561, -480, 300
372, -362, 220
123, -318, 108
123, -318, 108
4, -281, -2
7, -271, -56
-8, -233, 15
-149, -180, 41
-277, -143, 41
-277, -143, 41
-329, -146, 51
-372, -124, -18
-583, -76, -83
-849, -54, -84
-1041, -77, -41
-1161, -126, -15
-1270, -231, 106
-1375, -389, 368
-1401, -539, 674
-1187, -623, 927
-1053, -642, 1041
-,-,-
197, -928, 558
127, -1005, 528
74, -1069, 553
88, -1126, 676
88, -1126, 676
150, -1216, 768
240, -1358, 850
271, -1542, 1004
322, -1648, 1154
437, -1651, 1197
609, -1566, 1251
787, -1420, 1295
886, -1252, 1156
881, -1068, 899
830, -885, 805
797, -705, 783
773, -536, 701
652, -422, 540
502, -315, 389
417, -226, 243
337, -225, 146
337, -225, 146
311, -153, 9
156, -89, -105
-179, -35, -60
-353, -15, -47
-368, -6, -50
-495, -39, 8
-495, -39, 8
-640, -99, 16
-669, -130, -169
-616, -131, -209
-608, -170, 66
-657, -232, 401
-769, -334, 572
-964, -496, 708
-1109, -667, 898
-981, -789, 1169
-916, -895, 1363
-,-,-
673, -910, 611
505, -904, 369
402, -863, 272
294, -930, 398
294, -930, 398
236, -1058, 609
224, -1204, 830
297, -1334, 904
369, -1472, 958
426, -1539, 1108
508, -1508, 1164
549, -1386, 1236
552, -1181, 1264
547, -943, 1185
577, -731, 905
596, -591, 591
661, -480, 328
663, -383, 185
561, -282, 123
467, -162, 100
467, -162, 100
394, -83, 37
263, -58, -61
49, -25, -106
-264, 25, -96
-522, 50, -98
-747, 24, -68
-747, 24, -68
-863, -39, -6
-820, -41, 4
-822, -38, 35
-913, -71, 223
-1014, -137, 351
-1156, -293, 343
-1322, -442, 512
-1413, -556, 847
-1239, -693, 1224
-1081, -802, 1451
-1111, -870, 1259
-,-,-
533, -915, 237
386, -930, -34
382, -941, -7
401, -1019, 301
422, -1189, 610
459, -1401, 901
459, -1401, 901
527, -1564, 1238
620, -1612, 1531
723, -1548, 1780
839, -1406, 1968
891, -1176, 1780
846, -908, 1214
777, -687, 671
720, -538, 393
625, -414, 345
508, -333, 440
415, -181, 216
329, -39, -207
204, -40, -467
147, -61, -471
61, -43, -391
61, -43, -391
-5, -9, -298
-199, 20, -187
-472, -26, 42
-671, -87, 233
-763, -123, 227
-826, -184, 52
-882, -249, -21
-882, -249, -21
-950, -277, 218
-1032, -360, 553
-1007, -444, 655
-952, -443, 485
-854, -450, 362
-869, -509, 656
-1023, -640, 1168
-1309, -746, 1574
-,-,-
765, -976, 833
700, -1155, 474
750, -1217, 176
727, -1374, 406
715, -1507, 830
680, -1541, 980
704, -1476, 968
879, -1371, 902
955, -1233, 774
799, -1087, 648
558, -920, 768
478, -761, 781
478, -761, 781
533, -642, 572
643, -541, 454
639, -415, 416
366, -274, 404
131, -122, 324
0, -112, 89
37, -64, -59
37, -64, -59
-11, 5, -56
-278, 58, 92
-488, 106, 107
-561, 95, -16
-561, 95, -16
-699, 105, 41
-878, 93, 142
-1007, 36, 156
-1190, -127, 363
-1308, -263, 438
-1411, -419, 6
-1438, -621, 78
-1320, -776, 438
-,-,-
381, -1446, 1129
524, -1662, 882
631, -1704, 928
448, -1737, 1155
356, -1695, 1184
403, -1579, 1012
501, -1471, 902
655, -1346, 831
837, -1187, 590
895, -1040, 414
795, -900, 539
676, -734, 765
661, -623, 699
700, -552, 456
728, -476, 289
659, -386, 234
659, -386, 234
363, -306, 410
116, -264, 486
50, -221, 233
60, -177, -70
62, -117, -231
-82, -69, -175
-451, -38, 89
-451, -38, 89
-708, -77, 225
-666, -80, 49
-587, -54, -19
-675, -64, 53
-899, -96, 108
-1055, -133, 173
-1091, -184, 147
-1141, -280, 202
-,-,-
310, -1142, 1042
259, -1283, 939
215, -1377, 777
273, -1444, 703
316, -1528, 859
283, -1590, 1144
296, -1537, 1363
402, -1399, 1402
579, -1224, 1255
769, -1003, 1088
839, -801, 956
754, -659, 812
630, -535, 586
479, -449, 305
368, -384, 187
321, -322, 256
297, -237, 255
173, -167, 143
173, -167, 143
-11, -86, -65
-205, -46, -177
-332, -50, -76
-400, -50, 40
-464, -64, 58
-529, -88, 28
-618, -85, -39
-618, -85, -39
-726, -70, -67
-806, -84, -27
-897, -137, 62
-1028, -235, 289
-,-,-
243, -1030, 782
253, -1158, 676
284, -1146, 549
299, -1248, 535
321, -1411, 674
498, -1550, 870
656, -1656, 1057
763, -1697, 1376
793, -1648, 1437
732, -1528, 1266
629, -1351, 1022
612, -1128, 1142
639, -915, 878
708, -691, 563
692, -512, 363
566, -361, 204
566, -361, 204
510, -384, 130
381, -344, 163
296, -308, 286
264, -294, 331
175, -259, 338
-4, -222, 249
-193, -207, 118
-346, -213, 29
-346, -213, -22
-439, -220, -22
-505, -232, 31
-602, -260, 149
-710, -310, 125
-727, -348, 83
-796, -374, 22
-971, -402, -151
-1054, -509, -84
-929, -635, 194
-814, -783, 516
-866, -910, 727
-1130, -1013, 882
-1256, -1123, 1050
-,-,-
408, -1139, 791
525, -1345, 758
513, -1432, 783
440, -1506, 989
438, -1523, 1124
475, -1471, 1157
522, -1402, 1086
602, -1285, 981
691, -1118, 893
733, -949, 805
654, -800, 802
567, -648, 761
523, -552, 635
523, -552, 635
424, -471, 491
316, -437, 306
230, -413, 258
206, -373, 195
221, -323, 128
53, -383, 82
-218, -380, 132
-338, -356, 125
-338, -334, 19
-338, -334, 19
-386, -312, 27
-562, -322, 104
-633, -330, 199
-539, -348, 226
-495, -356, 213
-523, -354, 144
-633, -348, 118
-745, -378, 121
-817, -437, 183
-886, -554, 458
-,-,-
286, -991, 830
381, -1126, 778
570, -1259, 909
642, -1389, 1158
609, -1528, 1229
615, -1617, 1284
671, -1574, 1327
735, -1474, 1256
743, -1355, 1164
767, -1246, 1231
895, -1046, 1105
909, -892, 942
888, -773, 732
737, -717, 557
640, -595, 411
516, -516, 403
393, -465, 388
311, -413, 249
311, -413, 249
280, -379, 130
139, -322, 218
-66, -256, 316
-155, -196, 156
-177, -146, -11
-198, -90, -94
-478, -78, -36
-667, -90, -30
-690, -130, -28
-655, -166, -37
-586, -149, -42
-633, -155, 89
-633, -155, 89
-883, -196, 365
-1182, -307, 581
-1413, -508, 757
-,-,-
600, -1184, 1059
701, -1362, 1171
800, -1437, 1212
818, -1495, 1338
791, -1596, 1425
735, -1656, 1410
622, -1633, 1335
572, -1508, 1148
577, -1343, 974
577, -1221, 857
628, -1086, 735
697, -932, 605
694, -845, 489
650, -761, 398
593, -682, 300
534, -612, 242
490, -562, 231
464, -531, 264
403, -517, 346
403, -517, 346
203, -501, 405
-45, -453, 379
-94, -389, 170
-116, -337, 30
-300, -313, 8
-448, -296, -12
-517, -281, -29
-514, -272, -4
-500, -291, 70
-500, -291, 144
-560, -323, 144
-632, -348, 173
-745, -376, 68
-865, -455, 29
-963, -533, 60
-1044, -614, 217
-,-,-
671, -1103, 1200
785, -1256, 1291
910, -1392, 1274
1048, -1492, 1267
1074, -1540, 1284
1025, -1556, 1265
986, -1440, 1189
918, -1335, 1002
873, -1207, 777
839, -1104, 564
799, -1041, 486
741, -1001, 593
701, -897, 759
676, -770, 707
607, -640, 480
478, -517, 413
235, -461, 456
169, -429, 359
214, -398, 288
214, -398, 288
201, -346, 281
135, -276, 122
7, -219, -40
-164, -197, -97
-290, -195, -128
-334, -155, -221
-447, -136, -224
-625, -131, -80
-728, -167, 28
-723, -205, 0
-762, -251, 82
-762, -251, 82
-867, -333, 251
-,-,-
582, -1200, 533
828, -1380, 556
1077, -1621, 859
1169, -1831, 1464
1186, -1902, 1909
1090, -1768, 1662
922, -1516, 1135
705, -1304, 646
546, -1175, 312
420, -1137, 384
413, -1063, 602
430, -941, 585
368, -823, 360
368, -823, 360
281, -725, 197
229, -657, 113
169, -611, 102
120, -572, 142
86, -533, 168
82, -467, 106
71, -395, 7
71, -395, 7
11, -311, -54
-114, -238, -61
-232, -178, -93
-298, -122, -152
-291, -89, -126
-331, -80, 44
-519, -136, 237
-728, -200, 279
-871, -226, 92
-871, -226, 92
-1015, -190, 48
-1157, -223, 174
-,-,-
843, -1604, 1630
815, -1594, 1644
786, -1509, 1255
679, -1420, 698
583, -1327, 563
489, -1272, 652
432, -1240, 679
442, -1185, 721
458, -1125, 766
499, -1003, 777
445, -881, 735
445, -881, 735
334, -777, 594
280, -676, 356
245, -591, 275
239, -523, 296
236, -447, 301
211, -352, 198
175, -259, 114
36, -174, 115
36, -174, 115
-86, -91, 103
-142, -64, -39
-211, -67, -172
-312, -42, -111
-423, -23, 20
-561, -57, 113
-720, -85, 85
-822, -99, 35
-822, -99, 35
-967, -64, -26
-1146, -85, -67
-1282, -199, 91
-,-,-
1171, -1320, 628
1264, -1572, 955
1195, -1734, 1047
1113, -1839, 1142
1078, -1846, 1232
915, -1733, 1049
818, -1516, 981
583, -1347, 1094
632, -1211, 1108
639, -1073, 904
578, -930, 669
480, -846, 366
430, -769, 167
412, -721, 202
412, -721, 202
385, -693, 429
360, -633, 544
280, -535, 501
183, -461, 339
-13, -359, -42
25, -405, -264
-69, -330, -62
-81, -225, 84
-81, -225, 84
-130, -126, 116
-281, -36, -10
-569, -52, -99
-698, -102, -76
-653, -101, -97
-559, -52, -168
-651, -78, -195
-1006, -130, -34
-1288, -223, 168
-1380, -355, 354
-1301, -389, 505
-,-,-
503, -1182, 949
558, -1325, 1024
778, -1520, 1277
976, -1675, 1705
930, -1742, 1980
850, -1695, 1948
776, -1583, 1705
661, -1362, 1406
606, -1194, 1061
521, -1049, 971
490, -933, 902
518, -840, 764
553, -771, 692
522, -720, 493
532, -624, 277
532, -624, 277
470, -553, 196
438, -443, 124
346, -394, -35
240, -347, -44
149, -310, -15
-28, -270, -5
-116, -218, -54
-239, -159, -141
-423, -111, -184
-681, -131, -81
-742, -193, 224
-667, -236, 295
-667, -236, 200
-647, -212, 200
-791, -212, 128
-1018, -302, 210
-1148, -438, 222
-1206, -538, 123
-1310, -605, 339
-1439, -686, 750
-,-,-
826, -1113, 307
1024, -1450, 757
924, -1849, 1232
743, -1998, 1491
634, -1998, 1585
652, -1998, 1523
660, -1994, 1331
645, -1853, 960
641, -1592, 665
590, -1412, 375
554, -1257, 212
496, -1107, 164
361, -977, 209
361, -977, 209
277, -833, 287
267, -765, 299
277, -716, 226
300, -620, 101
256, -541, 16
177, -475, 29
69, -411, 72
69, -411, 72
-6, -346, 73
-90, -283, 45
-272, -230, 54
-415, -157, 43
-430, -107, 20
-347, -57, 0
-347, -57, 0
-487, -4, 12
-756, 12, 221
-889, -2, 402
-901, 4, 261
-901, 4, 261
-881, 18, 122
-966, 32, 156
-1134, -52, 417
-1300, -209, 685
-1436, -311, 734
-,-,-
214, -647, 286
623, -900, 562
1005, -1440, 1198
1302, -1921, 1686
1047, -1998, 1703
505, -1998, 1486
220, -1998, 1253
156, -1998, 1015
120, -1998, 911
191, -1885, 731
321, -1720, 658
378, -1590, 655
444, -1383, 616
526, -1159, 596
555, -941, 543
594, -732, 461
647, -595, 375
647, -595, 375
696, -477, 281
698, -347, 167
602, -250, 77
480, -157, 59
310, -105, 6
113, -78, -33
113, -78, -33
-117, -68, 41
-249, -75, 30
-207, -1, -161
-256, 112, -323
-486, 149, -194
-760, 101, 34
-859, 54, 69
-859, 54, 69
-832, -9, -48
-821, -78, -76
-927, -141, 35
-1153, -179, 227
-1369, -212, 313
-1485, -294, 350
-1574, -468, 564
-,-,-
162, -778, 410
210, -953, 399
641, -1249, 454
1122, -1588, 901
1540, -1912, 1685
1630, -1998, 1998
1283, -1998, 1998
887, -1889, 1874
712, -1562, 1245
630, -1288, 708
553, -1131, 407
528, -1059, 396
580, -1000, 531
610, -923, 641
561, -831, 630
490, -718, 564
343, -590, 465
217, -476, 408
183, -389, 294
183, -389, 294
215, -318, 107
221, -282, 15
75, -239, 6
-136, -203, 2
-299, -188, -90
-390, -199, -95
-399, -210, 93
-399, -210, 93
-414, -141, 139
-516, -44, -90
-650, -2, -310
-775, -59, -236
-824, -191, 149
-820, -283, 313
-806, -343, 354
-978, -422, 472
-1254, -492, 595
-1343, -538, 616
-1335, -592, 783
-,-,-
696, -1916, 1082
685, -1959, 1011
621, -1971, 703
526, -1884, 602
498, -1727, 600
519, -1578, 526
499, -1424, 502
501, -1288, 561
532, -1178, 524
519, -1088, 476
464, -974, 412
391, -868, 335
302, -795, 374
299, -738, 366
299, -696, 352
328, -580, 317
328, -580, 317
359, -431, 138
260, -283, 21
-70, -170, 105
-425, -157, 158
-420, -136, 103
-267, -60, 0
-232, 43, -151
-465, 127, -228
-465, 127, -228
-849, 85, -151
-928, 71, -149
-843, 107, -158
-869, 131, -103
-977, 120, 87
-1234, 35, 387
-1521, -41, 655
-1782, -128, 920
-1886, -232, 1015
-,-,-
220, -913, 556
218, -1211, 647
221, -1490, 802
466, -1727, 1150
926, -1953, 1728
1037, -1998, 1998
1041, -1998, 1998
1107, -1823, 1769
982, -1546, 1243
834, -1345, 978
812, -1146, 926
781, -915, 974
685, -726, 807
579, -561, 456
579, -561, 456
449, -465, 204
395, -406, 80
358, -372, 46
250, -327, -16
61, -281, -143
-51, -283, -257
-86, -288, -162
-155, -278, -134
-192, -213, -145
-365, -151, -209
-495, -76, -163
-449, -63, -165
-446, -88, -82
-446, -88, -82
-674, -152, 24
-908, -277, 190
-786, -263, -14
-772, -345, -163
-845, -408, -81
-873, -454, 127
-932, -495, 547
-1180, -572, 1103
-,-,-
753, -1462, 1635
745, -1720, 1885
600, -1847, 1828
439, -1926, 1485
472, -1880, 1296
579, -1791, 1167
555, -1648, 1005
547, -1515, 864
590, -1406, 764
606, -1302, 730
581, -1163, 685
573, -1017, 606
593, -890, 557
649, -735, 445
642, -593, 270
642, -593, 270
523, -527, 297
417, -463, 368
350, -372, 228
298, -296, 109
175, -254, 59
-14, -201, 140
-167, -189, 185
-154, -154, 18
-154, -154, 18
-166, -83, -162
-353, -25, -209
-701, -83, -120
-786, -143, -33
-675, -112, -83
-675, -80, -114
-883, -151, -91
-1179, -243, 37
-1392, -310, 210
-1532, -381, 416
-1616, -525, 491
-,-,-
449, -1334, 883
212, -1569, 1012
169, -1793, 995
553, -1936, 1148
655, -1959, 1542
398, -1923, 1584
357, -1803, 1262
465, -1665, 988
603, -1564, 685
674, -1456, 560
714, -1352, 674
683, -1277, 719
618, -1156, 668
589, -1014, 447
536, -930, 290
451, -881, 300
379, -798, 380
245, -661, 404
114, -552, 274
114, -552, 274
53, -503, 206
45, -463, 206
41, -394, 195
38, -301, 125
-32, -221, 87
-211, -164, 102
-211, -164, 102
-371, -151, 84
-331, -104, -44
-229, -82, -139
-221, -47, -51
-498, -52, 61
-807, -42, -4
-898, -38, -271
-893, -23, -393
-940, -125, -135
-1210, -317, 415
-,-,-
1044, -1396, 1885
1504, -1600, 1998
1728, -1703, 1998
1543, -1740, 1998
1083, -1569, 1844
695, -1385, 1332
591, -1222, 1034
646, -1030, 879
646, -865, 862
589, -743, 751
492, -655, 569
433, -569, 415
435, -489, 238
435, -489, 238
245, -518, 33
220, -503, 107
139, -492, 168
53, -505, 242
-5, -456, 181
-39, -411, 103
-9, -344, 111
-9, -344, 111
-27, -261, 70
-97, -192, -177
-149, -131, -330
-224, -52, -444
-404, -64, -403
-519, -103, -229
-512, -118, -171
-588, -194, -199
-806, -341, -259
-1083, -478, -110
-1247, -589, 151
-1350, -632, 421
-1417, -611, 528
-,-,-
120, -588, -25
242, -775, 415
242, -775, 415
257, -924, 811
180, -1068, 777
403, -1215, 842
820, -1498, 1455
956, -1730, 1994
1008, -1748, 1911
898, -1763, 1469
648, -1852, 1505
524, -1753, 1749
393, -1544, 1572
412, -1276, 1102
355, -1264, 832
399, -1106, 622
317, -1041, 519
325, -892, 408
319, -780, 241
312, -708, 248
318, -649, 265
264, -588, 115
182, -533, -33
182, -533, -33
193, -479, -106
280, -413, -10
296, -347, 54
144, -292, 3
-71, -218, -37
-225, -193, 16
-204, -137, 23
-179, -36, -97
-179, -36, -97
-406, -1, -172
-721, -42, -51
-796, -83, 39
-891, -155, 181
-1095, -308, 457
-1237, -444, 647
-1196, -542, 610
-1086, -664, 684
-1204, -841, 1062
-1502, -918, 1204
-,-,-
557, -1213, 1313
552, -1248, 1402
604, -1416, 1678
714, -1594, 1866
771, -1678, 1963
734, -1661, 1983
550, -1596, 1746
351, -1485, 1424
250, -1394, 1365
258, -1297, 1363
279, -1167, 1212
333, -1009, 1108
408, -821, 650
522, -632, 650
642, -488, 460
736, -375, 376
647, -298, 330
349, -153, 232
-76, -20, 51
-273, 21, -150
-183, 35, -286
-183, 35, -286
-136, 31, -380
-212, 33, -332
-416, 29, -210
-572, 0, -69
-524, -11, -67
-499, 50, -157
-629, 76, -357
-629, 76, -357
-820, -14, -409
-974, -161, -247
-1118, -367, -62
-1270, -579, 92
-,-,-
713, -1164, 1148
898, -1300, 1198
947, -1422, 1129
874, -1595, 1114
816, -1734, 1269
751, -1827, 1561
682, -1784, 1732
654, -1645, 1517
578, -1474, 1145
494, -1297, 885
485, -1163, 926
430, -1017, 966
392, -895, 741
443, -773, 498
506, -642, 353
525, -548, 324
525, -548, 324
450, -481, 384
345, -365, 284
229, -260, 87
112, -204, 9
84, -185, 72
17, -187, 146
17, -187, 146
-95, -131, 66
-191, -78, -133
-345, -49, -199
-522, -85, -83
-611, -158, 26
-756, -267, 105
-965, -282, 256
-1174, -305, 245
-1272, -305, 299
-,-,-
309, -1285, 1336
260, -1371, 1214
358, -1466, 1168
430, -1547, 1226
524, -1624, 1198
412, -1655, 1230
220, -1639, 1256
163, -1577, 1178
205, -1462, 1127
248, -1335, 1109
337, -1200, 972
439, -1123, 879
480, -991, 869
504, -816, 868
446, -662, 744
372, -557, 515
295, -473, 324
295, -473, 324
205, -466, 206
195, -414, 133
173, -383, 99
100, -372, 98
-143, -307, 7
-335, -304, -47
-334, -329, -8
-279, -332, -15
-279, -332, -15
-346, -320, -123
-506, -310, -157
-615, -386, 65
-499, -396, 408
-536, -428, 469
-747, -498, 340
-1003, -559, 191
-1016, -559, 153
-954, -597, 267
-974, -661, 664
-,-,-
421, -1454, 1308
353, -1589, 1046
363, -1642, 1086
383, -1642, 1244
392, -1574, 1291
367, -1466, 1207
415, -1334, 1055
517, -1179, 979
565, -1043, 948
585, -950, 941
573, -837, 859
458, -837, 720
458, -726, 720
374, -612, 583
311, -512, 519
255, -417, 405
237, -337, 278
184, -278, 168
108, -236, 58
11, -203, -16
11, -203, -16
-204, -187, -73
-382, -185, -68
-358, -221, -28
-308, -253, 121
-318, -221, 192
-561, -188, 130
-902, -197, -125
-954, -273, -433
-809, -377, -233
-665, -500, 244
-649, -608, 527
-743, -691, 528
-,-,-
311, -1348, 1214
325, -1416, 830
283, -1447, 856
271, -1517, 1211
333, -1595, 1468
345, -1629, 1524
372, -1589, 1433
443, -1499, 1295
487, -1361, 1267
529, -1184, 1261
542, -1007, 1129
522, -826, 961
517, -650, 756
501, -523, 527
501, -523, 527
435, -445, 393
350, -358, 358
273, -275, 342
244, -193, 237
108, -153, 14
-46, -176, -196
-242, -202, -177
-287, -239, -156
-210, -229, -152
-228, -185, -110
-272, -132, -117
-452, -116, -168
-720, -208, -44
-696, -273, 96
-573, -290, 129
-546, -301, 168
-546, -301, 168
-655, -269, 445
-946, -268, 811
-1265, -269, 942
-1441, -245, 1143
-,-,-
-199, -1298, 841
-347, -1467, 504
-473, -1527, 497
-400, -1524, 736
-265, -1502, 994
-233, -1484, 1100
-101, -1471, 1125
37, -1473, 1218
265, -1394, 1352
469, -1194, 1452
612, -1019, 1453
602, -792, 1220
472, -539, 798
333, -378, 339
239, -340, 17
167, -355, -94
84, -305, -157
-41, -261, -284
-161, -230, -359
-237, -271, -291
-226, -295, -101
-225, -287, -32
-322, -243, -104
-494, -250, -115
-595, -299, 7
-560, -318, 128
-555, -320, 149
-555, -320, 149
-586, -321, 115
-675, -354, 220
-749, -449, 443
-787, -533, 646
-955, -549, 691
-1036, -502, 472
-1028, -514, 308
-,-,-
321, -733, 683
665, -905, 753
665, -905, 753
889, -1163, 940
830, -1398, 1340
703, -1585, 1710
658, -1673, 1973
668, -1667, 1971
576, -1573, 1624
445, -1426, 1102
453, -1313, 706
479, -1210, 545
534, -1087, 481
548, -1017, 421
541, -1023, 460
500, -1018, 518
700, -809, 484
774, -692, 495
614, -640, 565
287, -571, 558
83, -453, 398
83, -453, 398
-15, -387, 170
-32, -332, 57
-82, -267, 66
-240, -208, 80
-390, -178, 63
-437, -154, 14
-449, -99, -69
-449, -99, -69
-564, -78, -31
-705, -135, 197
-777, -184, 315
-873, -225, 240
-1087, -249, 198
-1132, -389, 290
-1144, -547, 641
-1269, -562, 897
-1375, -599, 992
-,-,-
272, -1262, 1185
249, -1437, 1250
384, -1579, 958
478, -1683, 998
531, -1765, 1188
662, -1724, 1273
686, -1639, 1298
683, -1516, 1295
737, -1361, 1154
742, -1226, 887
744, -1123, 998
743, -997, 1112
669, -885, 1203
484, -722, 1091
242, -587, 734
151, -474, 369
161, -431, 216
174, -412, 259
98, -391, 215
98, -391, 215
41, -336, 32
-3, -312, -155
-72, -331, -233
-198, -366, -220
-154, -291, -195
-92, -220, -24
-208, -236, 218
-369, -229, 98
-502, -227, -167
-636, -223, -209
-754, -258, -43
-866, -299, 273
-1132, -377, 364
-1496, -511, 521
-,-,-
341, -581, 744
586, -809, 964
586, -809, 964
767, -1070, 1156
690, -1404, 1381
607, -1734, 1628
711, -1951, 1808
738, -1998, 1882
712, -1909, 1691
554, -1668, 1318
510, -1423, 1026
612, -1197, 902
721, -1041, 847
763, -913, 712
673, -809, 563
537, -710, 511
444, -623, 495
384, -557, 438
312, -531, 318
266, -512, 214
237, -494, 241
237, -494, 241
264, -453, 304
216, -417, 323
65, -369, 310
-76, -308, 256
-174, -284, 200
-161, -275, 69
-210, -269, -50
-431, -275, -3
-601, -298, 203
-581, -279, 248
-581, -279, 248
-580, -253, 174
-651, -245, 61
-841, -302, 146
-1024, -401, 418
-1061, -466, 499
-1135, -550, 520
-1244, -653, 601
-,-,-
883, -1323, 1046
876, -1540, 1238
900, -1627, 1472
879, -1631, 1707
830, -1632, 1600
789, -1542, 1339
742, -1397, 1075
709, -1257, 879
662, -1187, 796
546, -1088, 804
392, -987, 756
392, -987, 756
261, -860, 689
214, -788, 620
186, -745, 567
142, -623, 477
118, -504, 323
69, -438, 171
44, -396, 112
-8, -315, 27
-8, -315, 27
-111, -255, -41
-419, -257, 42
-674, -312, 158
-638, -317, 85
-562, -339, 47
-538, -331, 17
-685, -321, -12
-853, -358, 6
-853, -358, 6
-811, -360, -29
-682, -363, -4
-607, -363, 122
-523, -391, 204
-438, -448, 209
-412, -535, 220
-505, -604, 387
-,-,-
-197, -790, 271
54, -961, 320
259, -1115, 726
437, -1314, 946
623, -1468, 1081
749, -1585, 1216
805, -1704, 1508
816, -1763, 1622
763, -1703, 1449
708, -1547, 1078
642, -1414, 693
543, -1325, 559
494, -1261, 627
509, -1149, 625
486, -1009, 519
378, -895, 371
258, -822, 304
193, -733, 346
164, -634, 325
182, -561, 202
182, -561, 202
139, -499, 130
50, -451, 58
-18, -380, -61
-57, -320, -168
-112, -280, -194
-175, -241, -109
-313, -242, 106
-474, -295, 284
-526, -303, 265
-606, -333, 273
-767, -388, 442
-1039, -412, 435
-1209, -410, 124
-1103, -464, 45
-914, -525, 407
-820, -598, 839
-820, -598, 839
-,-,-
923, -1426, 1001
813, -1524, 1083
712, -1561, 1195
653, -1636, 1322
618, -1617, 1378
552, -1491, 1251
388, -1404, 949
234, -1314, 780
114, -1267, 827
53, -1188, 944
91, -1039, 870
91, -1039, 870
104, -926, 703
105, -829, 531
102, -729, 369
60, -675, 319
31, -599, 342
29, -517, 191
29, -517, 191
41, -467, 8
65, -417, -72
68, -399, -136
29, -398, -96
-39, -388, 17
-39, -388, 17
-145, -374, 104
-214, -353, 144
-287, -330, 127
-427, -325, 67
-575, -336, 58
-631, -334, 51
-643, -292, 1
-644, -245, 40
-745, -277, 314
-889, -305, 451
-889, -305, 451
-1028, -309, 313
-,-,-
701, -1286, 1242
655, -1467, 1759
402, -1585, 1998
84, -1717, 1792
106, -1686, 1501
267, -1570, 1292
395, -1392, 1188
367, -1316, 963
356, -1254, 704
364, -1210, 625
386, -1140, 766
336, -1058, 932
261, -978, 895
208, -910, 665
183, -800, 570
115, -669, 605
-107, -560, 644
-107, -560, 644
-310, -500, 680
-355, -415, 564
-326, -355, 372
-333, -289, 291
-375, -207, 227
-383, -185, 161
-375, -166, 71
-392, -166, -62
-411, -175, -130
-428, -166, -138
-501, -172, -208
-589, -151, -362
-667, -204, -299
-681, -270, -111
-768, -316, 95
-1007, -432, 241
-,-,-
366, -1204, 1333
236, -1282, 1227
78, -1361, 1355
-46, -1517, 1551
67, -1509, 1527
67, -1509, 1527
177, -1354, 1285
201, -1277, 924
197, -1237, 723
170, -1226, 696
206, -1166, 920
230, -1036, 1052
202, -872, 1033
180, -743, 847
220, -637, 604
221, -580, 468
165, -533, 485
71, -474, 440
-32, -414, 292
-154, -374, 127
-154, -374, 127
-263, -356, 66
-308, -357, -59
-352, -354, -109
-408, -360, -171
-458, -365, -242
-515, -402, -154
-468, -424, 3
-460, -480, 175
-483, -464, 266
-526, -472, 261
-576, -495, 235
-658, -530, 191
-727, -584, 296
-809, -639, 532
-881, -666, 702
-983, -666, 807
-,-,-
351, -1038, 868
494, -1250, 1003
690, -1432, 1273
842, -1564, 1579
847, -1634, 1679
739, -1639, 1556
634, -1558, 1285
530, -1441, 1049
456, -1324, 867
427, -1237, 719
430, -1162, 572
378, -1086, 466
326, -983, 423
275, -921, 384
275, -921, 384
258, -853, 333
273, -764, 262
279, -690, 187
256, -638, 143
233, -592, 70
202, -520, 0
139, -483, -72
139, -483, -72
99, -453, -72
25, -431, -45
-98, -403, -30
-263, -413, -45
-380, -437, -75
-454, -451, -17
-526, -456, 77
-599, -430, 61
-686, -392, -107
-737, -366, -195
-758, -334, 36
-758, -334, 36
-,-,-
-1160, -450, 665
-1141, -533, 557
-1205, -620, 764
-1388, -708, 1118
-,-,-
215, -1351, 549
297, -1469, 552
460, -1481, 706
485, -1554, 994
410, -1611, 1211
329, -1583, 1071
383, -1487, 853
532, -1378, 985
662, -1272, 1296
684, -1158, 1444
599, -1023, 1416
550, -834, 1169
595, -670, 759
593, -585, 486
532, -511, 423
461, -466, 404
461, -466, 404
363, -437, 330
250, -395, 199
88, -365, 77
-31, -350, -20
-144, -348, -8
-312, -397, 137
-494, -410, 234
-590, -425, 243
-599, -428, 145
-599, -428, 145
-557, -370, 36
-582, -372, -18
-732, -394, 70
-698, -291, 164
-746, -357, 200
-732, -320, 351
-761, -326, 429
-771, -297, 519
-821, -345, 807
-881, -447, 1061
-943, -481, 1023
-,-,-
440, -943, 1110
470, -1076, 1382
385, -1241, 1738
178, -1471, 1982
345, -1564, 1991
653, -1390, 1755
802, -1146, 1472
780, -1135, 1116
717, -1158, 706
786, -1009, 768
871, -854, 829
817, -798, 613
817, -798, 397
704, -789, 397
570, -762, 484
441, -720, 536
333, -647, 510
308, -532, 509
217, -463, 422
108, -411, 240
14, -354, 130
-47, -287, 25
-47, -287, 25
-138, -222, -67
-302, -197, -76
-487, -210, 78
-714, -289, 186
-786, -279, 94
-773, -197, -42
-829, -159, -128
-906, -196, -86
-964, -259, 127
-1027, -224, 260
-1005, -212, 453
-1061, -380, 574
-1079, -400, 687
-,-,-
335, -1060, 995
115, -1327, 1069
132, -1312, 1281
304, -1321, 1433
350, -1465, 1476
305, -1545, 1511
257, -1533, 1394
202, -1480, 1253
130, -1427, 1107
134, -1315, 979
51, -1242, 851
26, -1093, 638
26, -1093, 638
50, -1026, 501
96, -950, 532
90, -873, 546
-2, -815, 524
-75, -731, 447
-93, -677, 304
-65, -624, 253
-65, -624, 253
-67, -597, 244
-142, -594, 336
-280, -558, 426
-324, -498, 350
-295, -465, 214
-309, -441, 136
-375, -396, 106
-517, -389, 245
-602, -374, 293
-612, -378, 191
-601, -392, 130
-627, -405, 71
-703, -472, -21
-769, -521, -11
-824, -539, -111
-831, -567, -250
-799, -574, -26
-805, -575, 303
-840, -537, 402
-,-,-
433, -1386, 1158
433, -1386, 1158
335, -1469, 1222
115, -1526, 1334
-72, -1591, 1477
-74, -1563, 1457
-121, -1445, 1273
-111, -1285, 970
-77, -1167, 698
3, -1118, 649
3, -1118, 649
153, -1052, 818
213, -910, 898
150, -802, 713
49, -721, 448
-12, -646, 227
-40, -622, 125
-95, -606, 172
-95, -606, 172
-220, -578, 241
-337, -561, 278
-299, -523, 130
-209, -515, 42
-142, -496, 49
-144, -495, 42
-202, -485, 100
-317, -507, 196
-425, -498, 192
-536, -487, 113
-551, -470, 45
-523, -499, 84
-526, -544, 117
-526, -544, 117
-606, -547, 172
-835, -550, 271
-983, -571, 466
-,-,-
295, -995, 554
191, -1187, 760
102, -1369, 1064
9, -1562, 1491
12, -1732, 1919
36, -1791, 1998
117, -1703, 1990
139, -1532, 1684
108, -1351, 1262
75, -1207, 976
134, -1095, 766
168, -1021, 668
166, -943, 596
153, -907, 560
131, -859, 610
174, -767, 512
174, -767, 512
299, -675, 299
347, -633, 229
237, -576, 260
122, -457, 215
-48, -397, 177
-215, -365, 198
-328, -358, 216
-344, -326, 124
-363, -289, -2
-485, -277, -58
-485, -277, -58
-623, -282, 41
-620, -283, 107
-640, -337, 87
-720, -415, 134
-743, -453, 236
-699, -430, 275
-718, -419, 179
-765, -306, 82
-927, -341, 318
-1233, -474, 561
-1383, -553, 676
-1440, -559, 758
-,-,-
755, -835, 508
637, -1004, 358
693, -1114, 341
674, -1260, 760
634, -1506, 1387
226, -1825, 1792
-267, -1991, 1913
-319, -1829, 1684
-166, -1660, 1242
-102, -1496, 954
-87, -1363, 772
-6, -1197, 575
81, -1141, 532
296, -1030, 572
423, -879, 622
423, -879, 622
418, -781, 574
345, -733, 430
303, -698, 322
286, -642, 273
277, -598, 190
313, -543, 96
260, -449, 116
241, -446, 149
241, -446, 149
56, -391, 180
-8, -349, 169
-212, -389, 48
-338, -294, -113
-488, -35, -119
-643, -2, -87
-780, 70, 193
-1059, 103, 536
-1270, 42, 617
-1270, 42, 617
-1288, -57, 607
-1242, -121, 535
-1306, -234, 589
-1385, -322, 763
-1354, -352, 1020
-1395, -384, 1169
-,-,-
-479, -871, 343
-445, -946, 328
-372, -1049, 416
-525, -1227, 454
-542, -1425, 835
-490, -1459, 987
-497, -1434, 866
-547, -1483, 723
-605, -1609, 642
-493, -1528, 635
-426, -1413, 626
-403, -1336, 422
-296, -1233, 235
-79, -1130, 281
115, -1059, 414
220, -956, 390
227, -881, 231
188, -826, 192
180, -728, 202
180, -728, 202
221, -650, 290
214, -508, 329
31, -359, 300
-214, -234, 243
-423, -219, 307
-588, -227, 422
-674, -191, 453
-630, -171, 349
-520, -207, 200
-438, -205, 185
-519, -204, 310
-741, -168, 493
-953, -138, 535
-953, -138, 535
-968, -187, 554
-955, -248, 741
-1033, -265, 874
-1033, -270, 944
-,-,-
321, -1078, 293
232, -1247, -47
197, -1437, 132
197, -1437, 790
212, -1529, 790
138, -1501, 982
-97, -1349, 647
-256, -1189, 332
-359, -1137, 230
-437, -1140, 342
-422, -1119, 450
-350, -1062, 379
-274, -1042, 239
-225, -1077, 262
-174, -1090, 625
-60, -1036, 780
24, -944, 742
24, -822, 583
-43, -714, 402
-150, -638, 299
-206, -544, 260
-228, -423, 154
-246, -328, 17
-268, -272, -98
-361, -229, -155
-494, -209, -126
-591, -224, -34
-587, -260, 134
-515, -261, 215
-515, -261, 215
-484, -273, 141
-520, -272, 66
-633, -223, 92
-793, -187, 244
-935, -196, 350
-1030, -197, 560
-1133, -185, 777
-1331, -167, 897
-1523, -156, 872
-1615, -154, 987
-,-,-
207, -1626, 1058
143, -1736, 936
26, -1812, 1077
-114, -1811, 1158
-141, -1706, 1061
-183, -1556, 832
-242, -1413, 621
-341, -1345, 553
-371, -1267, 600
-322, -1200, 646
-249, -1131, 622
-208, -1088, 627
-155, -1036, 660
-56, -950, 701
3, -890, 626
27, -800, 478
18, -726, 317
-15, -652, 233
-15, -652, 233
-61, -612, 230
-123, -582, 239
-242, -565, 254
-360, -507, 241
-390, -435, 224
-374, -405, 199
-354, -393, 102
-,-,-
-242, -1403, 792
-418, -1519, 1033
-590, -1501, 1323
-659, -1485, 1399
-628, -1510, 1322
-606, -1506, 1197
-586, -1446, 1046
-541, -1388, 890
-454, -1332, 786
-392, -1238, 726
-342, -1147, 714
-303, -1093, 625
-233, -1027, 477
-154, -923, 434
-87, -819, 445
-50, -765, 388
-8, -694, 255
-14, -649, 170
-14, -649, 170
5, -569, 114
-12, -517, 53
-55, -451, 43
-104, -356, 105
-156, -266, 144
-267, -215, 119
-383, -181, 54
-424, -164, 13
-424, -164, 13
-399, -144, 144
-421, -76, 112
-741, -21, 99
-1145, -1, 358
-1373, 12, 631
-1385, -31, 523
-1340, -155, 489
-1362, -258, 798
-1443, -265, 1016
-1595, -358, 1017
-,-,-
-623, -1475, 1237
-594, -1488, 1071
-474, -1469, 1136
-489, -1395, 1186
-480, -1321, 979
-448, -1250, 862
-400, -1164, 806
-311, -1083, 767
-261, -1007, 682
-214, -942, 541
-147, -870, 412
-134, -795, 298
-134, -795, 298
-177, -727, 253
-204, -666, 332
-209, -627, 355
-210, -563, 285
-173, -477, 182
-176, -418, 89
-261, -385, 96
-369, -338, 160
-459, -300, 212
-461, -271, 158
-384, -219, 47
-427, -184, -14
-624, -158, -13
-737, -174, 78
-703, -204, 133
-703, -204, 133
-680, -144, 248
-864, -75, 183
-1206, -111, 124
-1318, -190, 345
-1309, -258, 638
-1295, -279, 759
-1280, -304, 809
-1229, -328, 854
-1274, -326, 927
-,-,-
5, -1361, 784
5, -1361, 784
-238, -1479, 1026
-499, -1572, 1203
-670, -1583, 1230
-687, -1518, 1059
-634, -1449, 851
-626, -1428, 708
-596, -1414, 660
-510, -1353, 841
-246, -1144, 839
-147, -1032, 687
-92, -911, 576
-92, -911, 576
-46, -806, 522
-19, -693, 480
0, -589, 440
-17, -535, 336
-76, -492, 257
-113, -409, 183
-154, -305, 132
-299, -218, 109
-447, -176, 53
-447, -176, 53
-504, -171, -5
-453, -194, -59
-374, -180, -82
-423, -165, -12
-655, -119, 57
-840, -62, 29
-845, -28, 40
-823, -53, 195
-897, -106, 414
-897, -106, 414
-1013, -126, 553
-1151, -170, 629
-1321, -174, 770
-1532, -185, 1000
-1931, -267, 1498
-1868, -244, 1347
-,-,-
-1, -1523, 1294
-39, -1553, 1188
-173, -1596, 1131
-182, -1603, 1069
-158, -1549, 992
-257, -1451, 897
-424, -1345, 828
-546, -1267, 764
-592, -1218, 672
-662, -1198, 724
-652, -1141, 753
-619, -1089, 713
-572, -1070, 585
-485, -1032, 456
-331, -948, 409
-147, -861, 473
-22, -772, 513
-59, -676, 440
-131, -560, 325
-151, -513, 167
-62, -477, 56
60, -414, -56
70, -339, -239
5, -317, -364
5, -317, -364
-95, -320, -356
-293, -330, -217
-454, -254, -85
-575, -180, 23
-594, -129, 30
-567, -113, 26
-589, -113, 170
-778, -158, 342
-981, -157, 380
-993, -120, 371
-964, -104, 381
-1053, -62, 423
-1238, -33, 532
-1377, -33, 807
-1377, -33, 807
-1610, -50, 1132
-1824, -68, 1308
-1992, -66, 1351
-,-,-
30, -936, 1137
104, -1304, 1277
62, -1628, 1284
139, -1690, 1202
160, -1640, 920
-17, -1692, 716
-312, -1732, 757
-634, -1675, 1007
-783, -1568, 1132
-806, -1532, 1047
-695, -1499, 910
-547, -1421, 774
-361, -1299, 752
-169, -1162, 749
-26, -1062, 711
82, -970, 623
198, -873, 505
272, -798, 403
257, -723, 340
183, -643, 246
57, -549, 195
-95, -452, 238
-95, -452, 238
-237, -414, 249
-292, -404, 168
-322, -380, 78
-445, -337, 21
-640, -333, 53
-704, -354, 83
-681, -370, 36
-666, -377, 55
-666, -348, 114
-699, -304, 133
-753, -253, 101
-753, -253, 101
-703, -210, 43
-559, -159, 22
-461, -94, 100
-474, -39, 215
-565, 9, 220
-647, 78, 167
-683, 129, 179
-777, 265, 437
-777, 265, 437
-1227, 448, 942
-1844, 363, 1171
-1998, 175, 1294
-1998, 145, 1313
-1995, 166, 1203
-,-,-
-752, -1138, 725
-970, -1239, 651
-906, -1228, 849
-713, -1264, 1056
-811, -1391, 1337
-898, -1417, 1564
-893, -1418, 1535
-807, -1419, 1230
-688, -1350, 1017
-603, -1276, 900
-528, -1191, 875
-474, -1110, 836
-338, -1036, 772
-216, -950, 779
-111, -867, 776
-63, -783, 699
-108, -697, 519
-164, -632, 385
-157, -548, 407
-129, -464, 426
-175, -362, 374
-261, -289, 279
-382, -254, 163
-456, -194, 94
-450, -134, 63
-368, -59, 0
-368, -59, 0
-336, 2, -7
-392, 42, -88
-476, 79, -272
-489, 79, -362
-513, 97, -269
-513, 97, -269
-664, 121, 51
-883, 58, 413
-1048, -76, 588
-1136, -118, 499
-,-,-
-608, -1178, 625
-713, -1303, 551
-669, -1237, 759
-905, -1319, 1212
-1104, -1444, 1502
-1045, -1453, 1442
-920, -1398, 1247
-855, -1370, 1113
-850, -1333, 964
-810, -1263, 851
-659, -1176, 817
-468, -1054, 780
-349, -956, 691
-312, -859, 636
-307, -758, 545
-259, -651, 412
-178, -553, 264
-127, -490, 182
-142, -476, 129
-202, -409, 79
-264, -326, 32
-291, -286, -23
-311, -227, -75
-383, -178, -113
-495, -125, -125
-609, -112, -91
-633, -140, -51
-596, -157, 4
-596, -157, 4
-597, -154, 60
-713, -129, 48
-854, -71, 12
-999, -70, 43
-1025, -107, 169
-1013, -86, 363
-1049, -9, 471
-1114, -81, 434
-,-,-
-325, -931, 594
-482, -1013, 718
-771, -1045, 790
-900, -959, 1059
-1082, -943, 1453
-1232, -939, 1603
-1245, -977, 1666
-1001, -984, 1413
-876, -941, 1032
-800, -926, 745
-791, -913, 654
-791, -913, 696
-775, -912, 696
-680, -853, 779
-601, -784, 760
-578, -741, 640
-571, -719, 493
-571, -698, 385
-484, -621, 396
-383, -540, 523
-315, -483, 528
-266, -426, 426
-228, -372, 264
-201, -313, 118
-222, -256, 52
-261, -197, 26
-368, -125, 17
-489, -89, -42
-489, -89, -42
-541, -74, -155
-543, -58, -247
-590, -5, -166
-716, 13, 35
-767, 31, 137
-795, 36, 93
-859, 54, 109
-859, 54, 109
-998, 34, 346
-1123, -28, 522
-1187, -36, 718
-1352, 15, 993
-1622, 73, 1189
-,-,-
-1283, -985, 1405
-1607, -1224, 1989
-1500, -1341, 1998
-1245, -1283, 1979
-973, -1160, 1506
-742, -1069, 967
-600, -1036, 866
-581, -1023, 987
-560, -947, 901
-437, -849, 756
-270, -748, 648
-142, -643, 484
-61, -577, 357
-12, -512, 251
-18, -473, 179
-16, -412, 129
11, -333, 49
11, -333, 49
-59, -248, -33
-214, -188, -74
-368, -159, -109
-488, -150, -101
-538, -170, -66
-589, -196, -60
-657, -194, -77
-753, -191, -72
-803, -199, -31
-833, -221, 101
-909, -257, 275
-995, -262, 337
-1052, -225, 234
-1136, -106, 84
-,-,-
-548, -1176, 925
-763, -1181, 1070
-951, -1234, 1237
-1035, -1186, 1388
-1174, -1201, 1507
-1188, -1275, 1495
-1053, -1207, 1220
-901, -1081, 891
-753, -977, 632
-718, -930, 499
-735, -904, 529
-675, -850, 652
-526, -777, 666
-413, -709, 517
-321, -642, 278
-321, -642, 278
-303, -592, 128
-260, -542, 114
-152, -474, 39
-79, -424, -61
-53, -409, -75
-83, -358, -80
-125, -207, -45
-256, -108, -44
-360, -61, -107
-410, -45, -153
-482, -5, -133
-556, 63, -83
-556, 63, -83
-674, 147, -19
-803, 200, 65
-924, 250, 185
-1214, 247, 507
-1612, 203, 980
-1853, 176, 1324
-1810, 162, 1431
-1695, 83, 1426
-,-,-
-724, -1246, 1341
-871, -1398, 1435
-941, -1537, 1527
-1031, -1601, 1847
-955, -1582, 1803
-853, -1459, 1406
-761, -1310, 1009
-744, -1212, 805
-744, -1130, 795
-702, -1025, 788
-606, -902, 742
-429, -818, 553
-250, -777, 382
-108, -742, 282
-23, -716, 279
24, -662, 328
59, -600, 322
40, -546, 176
40, -546, 176
-76, -471, -7
-224, -388, -93
-353, -360, -58
-473, -347, 37
-581, -240, 111
-651, -172, 202
-724, -148, 354
-812, -92, 292
-848, -16, 63
-848, -16, 63
-876, -2, -55
-833, -54, 1
-731, -115, 133
-744, -123, 322
-874, -103, 462
-978, -134, 563
-1017, -239, 743
-1088, -274, 854
-1247, -278, 820
-,-,-
-290, -1389, 580
-644, -1366, 513
-954, -1293, 645
-1304, -1301, 862
-1441, -1326, 1015
-1296, -1304, 1111
-1136, -1235, 1034
-981, -1131, 777
-829, -1088, 545
-664, -1060, 510
-487, -996, 668
-373, -929, 779
-277, -873, 716
-265, -830, 536
-356, -789, 396
-341, -716, 332
-169, -587, 341
-75, -508, 298
-137, -500, 237
-363, -491, 185
-581, -486, 166
-633, -441, 136
-609, -357, 71
-614, -306, 51
-677, -302, 78
-677, -302, 78
-718, -299, 144
-706, -284, 180
-659, -274, 185
-609, -274, 168
-582, -265, 124
-634, -266, 124
-629, -261, 175
-603, -225, 205
-643, -191, 252
-663, -176, 254
-619, -117, 229
-647, -60, 365
-766, -14, 667
-1082, -17, 992
-,-,-
-640, -997, 695
-729, -1124, 960
-822, -1348, 1119
-800, -1364, 1361
-710, -1373, 1620
-712, -1424, 1615
-724, -1385, 1446
-684, -1279, 1142
-709, -1210, 840
-716, -1128, 708
-705, -1035, 703
-737, -955, 738
-724, -900, 828
-593, -879, 818
-371, -808, 684
-125, -731, 457
0, -704, 381
34, -660, 401
-45, -620, 416
-130, -579, 350
-130, -579, 350
-172, -568, 238
-226, -537, 157
-303, -481, 119
-403, -406, 126
-483, -366, 159
-521, -347, 208
-496, -314, 238
-496, -283, 222
-522, -251, 156
-510, -213, -5
-561, -137, -116
-708, -67, -61
-782, -64, 18
-844, -105, 34
-844, -105, 73
-921, -141, 73
-1055, -167, 88
-1223, -149, 159
-1324, -126, 322
-1346, -131, 502
-,-,-
-549, -1066, 916
-891, -1170, 778
-1070, -1263, 809
-961, -1398, 1039
-931, -1539, 1405
-1084, -1620, 1814
-1195, -1574, 1815
-1013, -1400, 1437
-748, -1211, 1097
-401, -955, 764
-401, -955, 764
-407, -857, 638
-442, -787, 524
-401, -724, 361
-395, -631, 256
-356, -575, 200
-276, -546, 132
-248, -533, -16
-345, -497, -75
-503, -434, -52
-527, -380, -18
-447, -349, 23
-399, -334, 48
-447, -282, 51
-582, -224, 100
-617, -233, 138
-498, -211, 58
-498, -211, 58
-458, -218, -34
-499, -119, -78
-701, -74, 72
-822, -84, 193
-801, -38, 248
-858, -15, 302
-937, 19, 388
-1043, -7, 502
-1043, -7, 502
-1095, -45, 568
-1132, -1, 750
-,-,-
-256, -1099, 1299
-222, -1193, 1514
-145, -1289, 1533
-160, -1357, 1418
-179, -1328, 1117
-145, -1267, 897
-109, -1197, 877
-183, -1113, 932
-247, -1085, 916
-272, -1080, 784
-261, -1055, 640
-304, -1012, 570
-347, -956, 545
-376, -921, 598
-413, -872, 672
-449, -814, 723
-474, -765, 711
-426, -683, 586
-365, -597, 472
-321, -535, 316
-317, -487, 224
-352, -449, 181
-352, -449, 181
-369, -381, 124
-385, -339, 60
-433, -340, 21
-450, -318, -62
-446, -242, -110
-427, -170, 13
-446, -138, 102
-490, -151, 81
-611, -152, -16
-704, -83, -117
-671, 0, -76
-705, 21, 235
-705, 21, 235
-760, 17, 536
-842, -9, 573
-957, -75, 547
-954, -37, 736
-958, 40, 1101
-1034, 41, 1344
-1139, 79, 1453
-1139, 79, 1453
-,-,-
-498, -867, 1008
-375, -976, 996
-347, -1136, 1084
-424, -1241, 1214
-447, -1254, 1301
-476, -1261, 1296
-515, -1269, 1198
-551, -1234, 1170
-572, -1171, 1104
-548, -1070, 985
-500, -987, 869
-437, -926, 840
-361, -827, 909
-351, -757, 920
-365, -704, 815
-301, -630, 658
-221, -567, 576
-212, -533, 537
-209, -490, 522
-205, -432, 470
-247, -385, 402
-328, -335, 331
-382, -256, 314
-447, -193, 340
-557, -131, 344
-557, -131, 344
-710, -127, 257
-770, -130, 228
-691, -137, 114
-666, -165, 139
-675, -138, 281
-723, -136, 398
-792, -123, 455
-801, -88, 497
-776, -84, 462
-730, -81, 487
-761, -60, 554
-914, -95, 717
-,-,-
-376, -1072, 1273
-402, -1094, 1289
-462, -1133, 1158
-477, -1194, 1343
-368, -1262, 1636
-292, -1282, 1659
-235, -1168, 1381
-195, -974, 1048
-240, -844, 866
-344, -778, 873
-355, -732, 856
-322, -723, 774
-259, -635, 708
-202, -569, 543
-181, -582, 389
-137, -564, 375
-78, -491, 473
-80, -426, 502
-201, -388, 458
-373, -351, 416
-529, -316, 397
-558, -247, 338
-599, -185, 290
-599, -185, 290
-654, -153, 331
-718, -154, 343
-691, -139, 313
-716, -124, 263
-754, -94, 269
-723, -59, 226
-677, -33, 224
-671, -14, 274
-737, 7, 362
-840, 0, 425
-840, 0, 425
-841, 13, 392
-795, 5, 350
-726, -17, 390
-,-,-
-418, -821, 676
-391, -916, 492
-491, -967, 655
-549, -1016, 1146
-563, -1120, 1374
-607, -1227, 1378
-662, -1230, 1354
-702, -1194, 1254
-710, -1153, 1072
-653, -1093, 858
-620, -1037, 753
-606, -984, 775
-510, -929, 855
-404, -888, 812
-315, -852, 716
-285, -800, 661
-288, -743, 597
-245, -672, 493
-219, -639, 404
-225, -611, 409
-303, -563, 461
-434, -521, 471
-460, -471, 355
-426, -448, 212
-428, -432, 194
-526, -407, 250
-617, -363, 246
-648, -312, 210
-648, -312, 210
-647, -256, 201
-610, -196, 179
-589, -144, 160
-588, -126, 128
-559, -124, 94
-506, -99, 18
-502, -60, -22
-579, -10, 87
-768, -4, 298
-909, 20, 321
-909, 20, 321
-1005, 52, 270
-1230, 131, 508
-1528, 153, 802
-,-,-
17, -1078, 650
-163, -1185, 823
-252, -1305, 839
-467, -1486, 877
-916, -1434, 1380
-1353, -1354, 1975
-1438, -1380, 1998
-911, -1074, 1559
-694, -943, 884
-602, -921, 613
-602, -921, 613
-531, -908, 772
-489, -868, 915
-408, -787, 854
-307, -703, 631
-218, -647, 466
-149, -617, 351
-108, -600, 331
-132, -578, 372
-165, -532, 374
-178, -484, 270
-181, -475, 149
-213, -497, 101
-314, -493, 191
-422, -472, 296
-489, -403, 303
-531, -363, 230
-551, -316, 163
-607, -281, 112
-620, -260, 47
-620, -260, 47
-614, -235, 40
-612, -194, 95
-657, -168, 119
-685, -194, 117
-684, -203, 32
-630, -144, -73
-745, -170, 55
-1021, -231, 437
-1314, -282, 657
-1507, -370, 832
-1647, -405, 1033
-,-,-
-770, -1052, 1067
-802, -1128, 1388
-802, -1090, 1309
-784, -1037, 1002
-697, -1007, 674
-602, -967, 591
-609, -924, 728
-663, -887, 885
-680, -881, 904
-634, -864, 858
-577, -799, 858
-542, -720, 947
-461, -649, 949
-407, -604, 823
-391, -556, 666
-374, -525, 530
-360, -489, 433
-360, -489, 433
-359, -439, 359
-363, -405, 251
-379, -384, 173
-390, -371, 124
-361, -341, 96
-379, -317, 53
-400, -271, -28
-457, -233, -88
-525, -221, -99
-532, -218, -101
-484, -203, -70
-499, -167, -29
-605, -116, 83
-718, -95, 214
-810, -93, 238
-810, -93, 238
-897, -95, 266
-987, -52, 342
-1204, -50, 729
-,-,-
-366, -938, 954
-475, -1010, 1202
-568, -1057, 1443
-662, -1083, 1520
-739, -1113, 1590
-794, -1200, 1749
-781, -1255, 1819
-630, -1161, 1648
-486, -1097, 1280
-358, -1037, 1072
-275, -950, 887
-231, -889, 787
-132, -783, 711
-108, -700, 673
-113, -691, 537
-178, -672, 406
-229, -641, 406
-241, -595, 430
-221, -528, 412
-229, -468, 344
-301, -432, 280
-420, -418, 258
-479, -391, 281
-467, -323, 304
-492, -258, 294
-492, -258, 294
-620, -239, 304
-699, -215, 235
-669, -195, 187
-643, -159, 252
-636, -134, 299
-678, -146, 268
-709, -177, 185
-698, -199, 109
-682, -251, 158
-695, -281, 290
-,-,-
-121, -922, 367
-292, -1072, 289
-441, -1000, 568
-810, -1083, 1144
-1015, -1218, 1579
-1015, -1281, 1922
-997, -1305, 1998
-883, -1243, 1835
-719, -1171, 1296
-590, -1073, 882
-490, -1025, 768
-378, -956, 797
-299, -859, 788
-269, -801, 732
-274, -765, 646
-325, -709, 579
-235, -635, 485
-147, -579, 366
-160, -539, 301
-208, -503, 265
-237, -438, 257
-290, -375, 233
-350, -339, 195
-358, -308, 158
-310, -261, 143
-303, -226, 161
-303, -226, 161
-419, -165, 149
-553, -125, 101
-591, -120, 23
-559, -121, -142
-564, -130, -217
-540, -122, -138
-520, -71, 8
-652, 22, 118
-900, 162, 188
-1216, 183, 516
-1439, 215, 988
-1613, 291, 1424
-1891, 354, 1714
-1998, 358, 1427
-,-,-
-987, -888, 1413
-1154, -1035, 1381
-1117, -1080, 1324
-1079, -1096, 1432
-1059, -1168, 1558
-1003, -1214, 1471
-859, -1175, 1254
-706, -1079, 1033
-684, -793, 799
-662, -793, 732
-662, -699, 732
-559, -615, 676
-430, -554, 608
-322, -500, 506
-258, -457, 350
-223, -417, 228
-229, -369, 135
-263, -321, 57
-269, -273, 24
-285, -218, 87
-315, -193, 139
-329, -177, 121
-380, -137, 15
-468, -116, -33
-511, -141, -56
-511, -141, -56
-500, -157, 21
-471, -174, 175
-469, -154, 172
-486, -85, 7
-652, 4, 7
-1016, 84, 268
-1298, 133, 494
-1399, 197, 499
-1399, 197, 763
-,-,-
-749, -776, 671
-790, -753, 831
-835, -785, 1046
-815, -830, 1234
-777, -909, 1585
-772, -1011, 1961
-738, -1034, 1936
-644, -969, 1625
-565, -931, 1274
-480, -926, 1037
-401, -922, 1004
-345, -836, 1054
-330, -749, 978
-328, -682, 762
-324, -605, 570
-247, -527, 439
-204, -468, 351
-215, -432, 368
-264, -386, 344
-309, -342, 200
-351, -297, 29
-382, -267, -62
-389, -243, -112
-423, -193, -111
-501, -177, -21
-501, -177, -21
-572, -180, 16
-598, -195, -26
-596, -179, -18
-573, -166, 15
-536, -146, 93
-621, -125, 212
-830, -106, 266
-1070, -105, 311
-1183, -100, 467
-1224, 10, 744
-,-,-
-201, -783, 770
-413, -890, 787
-473, -913, 909
-593, -982, 1251
-725, -1059, 1593
-839, -1130, 1725
-842, -1173, 1565
-760, -1170, 1305
-639, -1107, 1113
-534, -1028, 1018
-524, -1011, 972
-562, -1015, 951
-598, -988, 953
-569, -894, 928
-470, -797, 875
-411, -748, 815
-353, -677, 778
-315, -626, 690
-299, -575, 552
-326, -521, 426
-331, -477, 329
-306, -424, 242
-311, -367, 184
-361, -324, 216
-460, -265, 291
-523, -199, 340
-518, -155, 296
-500, -135, 203
-504, -135, 148
-530, -141, 135
-530, -141, 135
-566, -134, 137
-609, -105, 161
-669, -78, 157
-716, -94, 139
-774, -113, 188
-811, -110, 195
-800, -70, 183
-854, -78, 259
-1029, -80, 550
-1214, -73, 870
-,-,-
-196, -936, 662
-289, -1053, 756
-319, -1241, 923
-344, -1356, 1296
-426, -1418, 1633
-510, -1435, 1661
-508, -1403, 1499
-431, -1316, 1243
-484, -1169, 791
-528, -1130, 681
-557, -1088, 698
-522, -1032, 807
-426, -949, 819
-350, -871, 715
-350, -871, 715
-326, -802, 555
-317, -723, 380
-285, -664, 302
-246, -632, 316
-225, -599, 301
-205, -542, 284
-207, -485, 299
-264, -439, 324
-288, -405, 272
-269, -357, 171
-273, -301, 86
-321, -262, 89
-426, -219, 140
-533, -212, 273
-599, -206, 272
-634, -168, 132
-634, -122, -99
-634, -122, -99
-678, -121, -7
-799, -90, 326
-932, -88, 634
-1064, -81, 837
-1138, -58, 789
-1184, -2, 741
-,-,-
-113, -985, 273
-251, -1081, 370
-459, -1148, 746
-760, -1259, 1215
-871, -1374, 1593
-862, -1450, 1843
-825, -1419, 1841
-728, -1300, 1502
-612, -1180, 1015
-539, -1103, 685
-521, -1052, 663
-456, -989, 699
-395, -885, 746
-394, -826, 702
-371, -742, 618
-330, -672, 498
-296, -653, 433
-260, -608, 419
-278, -518, 357
-371, -423, 289
-460, -364, 271
-473, -361, 254
-468, -365, 288
-488, -365, 305
-557, -353, 252
-613, -328, 190
-568, -309, 108
-496, -303, -14
-508, -298, -38
-508, -298, -38
-580, -275, 23
-600, -266, 94
-564, -270, 124
-532, -243, 111
-558, -215, 118
-603, -170, 170
-740, -101, 334
-1025, -41, 740
-1427, -8, 1107
-1773, 91, 1077
-1960, 213, 797
-,-,-
-506, -799, 307
-605, -884, 367
-548, -890, 787
-660, -1008, 1348
-848, -1242, 1775
-871, -1461, 1927
-658, -1554, 1910
-533, -1587, 1692
-599, -1520, 1302
-703, -1372, 943
-769, -1245, 758
-730, -1119, 658
-549, -958, 664
-421, -879, 640
-319, -795, 533
-243, -759, 392
-135, -687, 250
-63, -599, 188
-64, -529, 158
-121, -467, 150
-167, -411, 175
-215, -374, 230
-325, -320, 234
-447, -259, 202
-584, -242, 173
-649, -266, 151
-608, -263, 170
-526, -236, 122
-502, -194, 51
-502, -194, 51
-554, -143, 14
-583, -111, 67
-604, -89, 149
-722, -97, 401
-845, -84, 611
-868, -36, 520
-1032, 14, 397
-,-,-
-19, -1136, 1160
-109, -1283, 1237
-286, -1362, 1269
-881, -1444, 1431
-851, -1449, 1383
-736, -1382, 1226
-683, -1297, 1013
-635, -1196, 819
-579, -1098, 693
-543, -1040, 685
-527, -1005, 770
-516, -961, 833
-468, -895, 785
-402, -827, 709
-338, -752, 621
-369, -715, 504
-385, -616, 503
-368, -538, 531
-368, -538, 531
-290, -469, 498
-224, -374, 400
-281, -319, 299
-361, -268, 279
-379, -251, 236
-400, -287, 123
-360, -144, 38
-405, -55, -106
-467, -45, -177
-504, -111, -120
-515, -141, -68
-480, -128, -126
-469, -127, -77
-589, -108, 23
-734, 17, 2
-734, 17, 2
-959, 176, 145
-,-,-
-417, -820, 723
-511, -903, 711
-442, -1024, 509
-383, -1163, 488
-424, -1285, 639
-479, -1320, 1010
-663, -1383, 1443
-819, -1420, 1641
-942, -1397, 1539
-1000, -1267, 1270
-993, -1096, 1005
-946, -1009, 807
-856, -980, 760
-748, -954, 797
-563, -898, 785
-338, -824, 679
-170, -759, 493
-13, -657, 513
-15, -599, 603
-47, -509, 626
-80, -390, 490
-94, -286, 242
-113, -208, 18
-211, -152, -133
-384, -49, -230
-384, -49, -230
-431, -77, -216
-516, -23, -241
-502, -52, -160
-475, -39, -133
-499, -23, -168
-558, -23, -136
-712, -15, 149
-1016, 33, 647
-1308, 136, 974
-1519, 262, 1040
-1722, 247, 1186
-,-,-
-487, -1131, 875
-689, -1278, 927
-846, -1359, 1147
-928, -1424, 1532
-949, -1498, 1709
-1021, -1404, 1585
-1047, -1181, 1202
-966, -1029, 777
-880, -983, 581
-760, -940, 710
-581, -890, 898
-443, -825, 961
-307, -721, 852
-155, -676, 594
-111, -680, 374
-105, -656, 337
-77, -586, 336
-66, -500, 271
-66, -500, 271
-152, -436, 216
-271, -378, 143
-381, -353, 163
-471, -319, 252
-490, -254, 111
-496, -259, -27
-523, -279, 126
-607, -271, 300
-692, -247, 266
-727, -193, 92
-738, -141, -57
-725, -151, -17
-695, -180, 235
-687, -191, 395
-674, -221, 370
-652, -254, 409
-,-,-
-548, -1144, 1250
-573, -1246, 1599
-566, -1276, 1701
-639, -1256, 1646
-783, -1196, 1482
-760, -1107, 1198
-708, -987, 952
-780, -882, 786
-935, -852, 781
-999, -844, 813
-958, -828, 866
-866, -785, 899
-725, -709, 842
-612, -650, 716
-567, -649, 609
-525, -652, 562
-475, -620, 496
-429, -603, 427
-338, -570, 379
-239, -525, 362
-179, -459, 303
-160, -420, 202
-189, -394, 110
-253, -355, 46
-253, -355, 0
-345, -294, 0
-427, -252, -8
-449, -214, -17
-441, -202, -35
-439, -207, -6
-520, -203, 181
-543, -193, 281
-507, -163, 149
-530, -103, 6
-709, -25, 84
-709, -25, 84
-912, 39, 490
-1085, 68, 853
-1215, 117, 942
-,-,-
-505, -1046, 1143
-617, -1100, 1045
-721, -1150, 929
-831, -1133, 962
-836, -1092, 1073
-806, -1043, 1151
-738, -1003, 1073
-681, -972, 944
-666, -933, 865
-596, -880, 826
-507, -810, 753
-414, -758, 694
-414, -758, 694
-394, -704, 649
-440, -652, 610
-480, -588, 565
-405, -524, 457
-323, -478, 374
-276, -450, 318
-325, -411, 285
-375, -360, 252
-376, -359, 175
-382, -413, 47
-427, -418, 40
-531, -358, 223
-674, -345, 432
-715, -360, 459
-681, -354, 362
-634, -308, 312
-639, -262, 273
-639, -262, 273
-724, -213, 241
-841, -192, 217
-936, -183, 221
-961, -182, 185
-966, -216, 290
-1066, -183, 710
-,-,-
-484, -787, 189
-737, -840, 550
-748, -875, 846
-612, -865, 1080
-714, -925, 1535
-1041, -1053, 1973
-1176, -1116, 1998
-982, -1076, 1822
-769, -1011, 1326
-723, -986, 913
-703, -972, 773
-642, -939, 885
-549, -837, 988
-485, -732, 923
-418, -668, 725
-395, -647, 500
-349, -614, 343
-300, -579, 307
-312, -543, 299
-326, -505, 243
-317, -481, 166
-320, -455, 132
-365, -429, 208
-407, -397, 290
-406, -373, 244
-390, -346, 176
-419, -297, 128
-488, -239, 56
-537, -195, -13
-537, -195, -13
-537, -151, -33
-503, -117, -19
-556, -92, 66
-753, -103, 259
-963, -129, 370
-1117, -169, 526
-1247, -214, 688
-,-,-
-286, -879, 409
-463, -888, 503
-588, -854, 813
-701, -852, 1098
-1006, -994, 1575
-1220, -1074, 1993
-1331, -1089, 1998
-1080, -1119, 1231
-1042, -1065, 1076
-1029, -1005, 1005
-868, -918, 987
-707, -846, 977
-605, -788, 930
-491, -726, 788
-388, -679, 577
-301, -639, 439
-209, -616, 449
-175, -618, 462
-179, -572, 387
-187, -518, 233
-187, -518, 233
-140, -482, 103
-102, -468, 76
-113, -450, 94
-129, -411, 113
-149, -361, 87
-160, -283, 37
-222, -203, -14
-316, -141, -44
-367, -51, 27
-427, 18, -10
-427, 18, -10
-677, 90, 116
-959, 176, 236
-1097, 226, 75
-1138, 176, -100
-1127, 83, 255
-1183, 54, 825
-1228, 107, 1103
-,-,-
-629, -1142, 1466
-915, -1308, 1785
-1008, -1480, 1825
-1104, -1546, 1802
-1139, -1431, 1736
-1039, -1273, 1392
-848, -1141, 963
-613, -1109, 741
-426, -1101, 752
-283, -1038, 861
-208, -948, 828
-131, -863, 668
-77, -799, 465
-102, -755, 314
-187, -699, 303
-272, -617, 345
-313, -522, 304
-310, -463, 281
-293, -415, 233
-291, -391, 187
-292, -357, 178
-341, -309, 193
-441, -237, 176
-529, -178, 107
-589, -159, 24
-589, -159, 2
-571, -144, 2
-540, -102, 1
-537, -28, -6
-597, 41, -60
-693, 95, -121
-740, 136, 12
-740, 136, 12
-753, 181, 288
-687, 239, 382
-750, 287, 242
-956, 320, 268
-1294, 396, 740
-1730, 468, 1153
-,-,-
-537, -876, 867
-683, -968, 867
-719, -1024, 995
-826, -1022, 1200
-1010, -1074, 1382
-1030, -1196, 1769
-912, -1156, 1640
-803, -1115, 1266
-720, -1087, 938
-647, -1033, 761
-549, -955, 760
-470, -878, 813
-441, -836, 808
-406, -795, 766
-309, -749, 651
-218, -704, 514
-150, -654, 390
-150, -654, 390
-140, -617, 371
-139, -567, 409
-152, -496, 385
-209, -421, 350
-312, -356, 324
-378, -306, 322
-402, -253, 283
-447, -193, 228
-479, -129, 181
-505, -73, 150
-548, -19, 55
-590, 50, -47
-657, 138, 19
-657, 138, 19
-768, 210, 240
-821, 267, 359
-817, 299, 346
-798, 266, 305
-,-,-
-633, -974, 849
-884, -1072, 1288
-1091, -1219, 1498
-1251, -1351, 1467
-1189, -1427, 1267
-1009, -1416, 1140
-702, -1252, 1023
-613, -1181, 921
-582, -1132, 817
-542, -1061, 793
-460, -987, 766
-381, -916, 661
-311, -852, 544
-311, -852, 544
-280, -803, 445
-276, -752, 408
-274, -714, 399
-246, -664, 330
-222, -602, 238
-249, -528, 166
-357, -449, 167
-393, -371, 239
-353, -303, 281
-345, -253, 286
-401, -218, 224
-481, -155, 172
-616, -123, 161
-664, -57, 169
-647, -5, 245
-667, -1, 247
-667, -1, 247
-735, -5, 170
-871, -4, 228
-961, 22, 279
-819, 117, 112
-728, 119, 31
-728, 119, 31
-872, 115, 421
-,-,-
-469, -843, 510
-552, -1025, 509
-634, -1109, 618
-811, -1139, 1147
-925, -1267, 1670
-944, -1401, 1856
-913, -1376, 1762
-926, -1344, 1355
-864, -1293, 928
-729, -1194, 747
-580, -1107, 775
-490, -1046, 821
-369, -964, 783
-327, -903, 632
-270, -829, 488
-166, -764, 377
-121, -710, 326
-135, -652, 272
-178, -561, 237
-241, -473, 208
-283, -473, 146
-283, -379, 146
-334, -303, 107
-363, -239, 81
-418, -204, 113
-461, -191, 174
-483, -152, 167
-528, -97, 98
-594, -31, 80
-633, 1, 107
-656, -6, 227
-656, -6, 227
-665, -12, 334
-737, 2, 290
-869, 19, 282
-974, 39, 346
-940, 95, 475
-940, 95, 475
-895, 165, 745
-973, 190, 847
-990, 272, 633
-1369, 390, 616
-1856, 466, 890
-1998, 454, 1030
-,-,-
-591, -727, 815
-849, -781, 1036
-970, -932, 1428
-1080, -1087, 1591
-1141, -1163, 1440
-1129, -1133, 1206
-1001, -1103, 1048
-901, -1086, 951
-790, -1062, 862
-689, -1022, 795
-623, -984, 747
-557, -942, 716
-454, -876, 668
-362, -838, 622
-362, -838, 622
-310, -802, 589
-342, -761, 550
-347, -653, 483
-283, -538, 396
-296, -521, 280
-336, -492, 274
-419, -399, 315
-468, -309, 292
-433, -235, 168
-401, -178, 27
-432, -138, -28
-474, -110, -29
-530, -65, -56
-555, -12, -85
-497, 36, -73
-497, 36, -73
-493, 70, -16
-558, 116, 123
-644, 132, 166
-734, 138, 88
-769, 154, 116
-888, 175, 397
-1121, 175, 697
-1121, 188, 697
-1307, 142, 831
-1487, 198, 986
-1687, 248, 1197
-,-,-
-907, -984, 1233
-895, -1188, 1471
-837, -1280, 1464
-763, -1272, 1313
-697, -1187, 1095
-637, -1091, 872
-683, -1023, 714
-736, -977, 706
-692, -933, 731
-591, -867, 632
-493, -803, 517
-473, -751, 444
-511, -699, 459
-501, -622, 480
-441, -555, 438
-411, -509, 305
-410, -489, 201
-452, -465, 197
-452, -465, 197
-473, -405, 242
-424, -354, 186
-406, -316, 84
-472, -312, 71
-535, -286, 177
-550, -226, 242
-537, -147, 122
-564, -112, 14
-623, -109, 48
-601, -109, 113
-537, -97, 115
-523, -91, 45
-523, -91, 45
-566, -120, -61
-655, -161, -80
-828, -167, 72
-977, -214, 258
-969, -201, 303
-940, -135, 378
-,-,-
-1120, -904, 1271
-1381, -1123, 1497
-1370, -1183, 1659
-1233, -1184, 1645
-1016, -1195, 1416
-741, -1195, 1191
-529, -1122, 1056
-447, -1072, 894
-401, -1015, 813
-354, -945, 739
-374, -878, 627
-420, -801, 528
-481, -721, 491
-454, -642, 447
-377, -568, 345
-420, -516, 307
-564, -467, 399
-618, -418, 430
-518, -383, 406
-415, -354, 380
-368, -319, 377
-381, -265, 316
-413, -217, 246
-411, -173, 156
-426, -114, 27
-426, -114, 27
-505, -25, -3
-705, 62, 72
-799, 68, 119
-719, 11, 105
-658, -74, 86
-686, -123, 178
-686, -123, 178
-759, -145, 306
-889, -111, 350
-1058, 6, 283
-,-,-
-713, -857, 1389
-734, -927, 1601
-861, -1037, 1573
-1010, -1144, 1489
-1044, -1152, 1354
-1041, -1089, 1315
-998, -1017, 1219
-929, -953, 1060
-880, -881, 940
-824, -816, 916
-741, -752, 859
-608, -686, 686
-522, -647, 516
-538, -623, 511
-450, -576, 509
-387, -536, 502
-340, -486, 467
-317, -443, 364
-316, -393, 256
-305, -344, 175
-293, -279, 104
-322, -209, 31
-428, -151, -27
-534, -123, -52
-531, -133, -117
-500, -141, -132
-514, -139, -119
-560, -132, -122
-589, -111, -101
-628, -64, 20
-628, -64, 20
-729, -20, 182
-901, 59, 362
-1053, 128, 425
-1085, 199, 524
-1205, 249, 667
-1336, 331, 772
-1577, 375, 889
-1629, 405, 1006
-,-,-
-779, -815, 1180
-856, -987, 1474
-880, -1082, 1524
-916, -1112, 1445
-959, -1073, 1233
-976, -1012, 1047
-1000, -948, 953
-1010, -889, 889
-952, -791, 817
-913, -757, 733
-844, -764, 654
-717, -698, 672
-532, -608, 693
-460, -681, 545
-368, -715, 428
-326, -721, 387
-257, -697, 375
-166, -672, 361
-158, -620, 347
-263, -551, 345
-397, -518, 327
-426, -490, 227
-426, -490, 227
-492, -470, 123
-582, -438, 107
-655, -358, 146
-701, -294, 203
-693, -238, 263
-647, -148, 287
-660, -75, 247
-637, 14, 182
-634, 28, 228
-570, 56, 324
-527, 91, 373
-527, 91, 373
-552, 137, 422
-720, 148, 286
-944, 126, 48
-995, 117, 99
-1001, 130, 306
-,-,-
-257, -1019, 1090
-312, -1222, 1635
-319, -1281, 1998
-392, -1226, 1989
-590, -1049, 1268
-657, -947, 979
-719, -861, 765
-719, -861, 765
-743, -837, 616
-677, -828, 646
-642, -829, 639
-590, -777, 611
-546, -706, 502
-575, -656, 462
-518, -609, 393
-468, -563, 384
-525, -504, 483
-603, -424, 523
-611, -377, 458
-565, -359, 381
-525, -343, 346
-485, -339, 268
-461, -335, 193
-439, -306, 192
-424, -273, 104
-496, -224, 103
-621, -156, 247
-716, -72, 258
-716, -72, 258
-755, -25, 88
-755, -15, -20
-782, -35, 36
-768, -45, 42
-762, -55, 35
-778, -13, 72
-778, -13, 72
-807, 31, 199
-844, 70, 318
-896, 108, 314
-978, 133, 459
-1044, 161, 661
-1147, 185, 838
-,-,-
-1161, -786, 1047
-1117, -808, 844
-1013, -800, 894
-925, -811, 901
-826, -762, 876
-796, -733, 805
-735, -683, 790
-658, -647, 722
-622, -650, 604
-577, -646, 515
-538, -637, 416
-508, -626, 334
-438, -586, 310
-364, -514, 237
-346, -444, 129
-381, -383, 84
-440, -383, 96
-440, -305, 96
-518, -223, 132
-542, -150, 144
-548, -76, 103
-555, -16, 19
-594, 16, -30
-638, 24, -25
-614, 22, -7
-614, 22, -7
-589, 22, 15
-636, 49, 107
-788, 94, 249
-944, 129, 391
-1040, 147, 511
-1040, 147, 511
-1142, 171, 591
-1244, 191, 600
-1366, 214, 738
-1450, 232, 865
-1458, 239, 900
-,-,-
-873, -755, 962
-999, -866, 1357
-1135, -949, 1740
-1118, -1066, 1787
-1083, -1080, 1679
-1073, -1051, 1474
-972, -895, 879
-887, -827, 899
-887, -827, 899
-736, -755, 816
-650, -702, 586
-618, -720, 485
-445, -707, 501
-274, -635, 413
-228, -553, 299
-265, -458, 272
-290, -346, 223
-411, -228, 222
-562, -124, 257
-637, -63, 303
-666, -39, 309
-652, -33, 230
-651, -41, 100
-659, -62, 37
-659, -62, 37
-651, -73, 66
-664, -70, 131
-696, -43, 122
-705, -16, 68
-658, -8, 55
-658, -8, 55
-627, 0, 96
-700, 16, 182
-788, 23, 354
-816, 83, 596
-816, 83, 596
-949, 184, 640
-1322, 302, 741
-,-,-
-333, -795, 648
-257, -930, 532
-549, -975, 395
-1196, -845, 871
-1535, -708, 1691
-1532, -702, 1998
-1423, -757, 1951
-1254, -778, 1500
-981, -754, 935
-858, -723, 613
-798, -678, 627
-687, -633, 641
-646, -593, 518
-559, -528, 348
-517, -496, 269
-553, -466, 360
-490, -419, 448
-444, -383, 401
-431, -325, 319
-431, -325, 319
-467, -252, 314
-513, -220, 300
-532, -206, 237
-531, -197, 183
-536, -168, 168
-559, -124, 170
-553, -97, 174
-579, -109, 192
-570, -109, 256
-564, -71, 228
-630, -8, 158
-752, 34, 34
-752, 34, 34
-878, -3, -38
-846, -40, 33
-819, 3, 76
-855, 44, 69
-855, 44, 69
-979, 99, 315
-,-,-
-785, -637, 920
-774, -693, 1365
-897, -834, 1480
-984, -943, 1494
-1059, -987, 1540
-1181, -1003, 1503
-1186, -990, 1358
-1116, -995, 1151
-992, -998, 917
-867, -999, 857
-618, -914, 930
-594, -913, 937
-411, -774, 863
-369, -674, 668
-379, -571, 561
-496, -482, 510
-553, -383, 423
-515, -304, 323
-474, -256, 231
-459, -223, 199
-459, -194, 207
-459, -194, 207
-461, -171, 177
-424, -149, 127
-354, -122, 23
-368, -97, -62
-376, -61, -91
-408, -16, -77
-456, 35, -17
-563, 101, 31
-657, 147, -24
-657, 147, -24
-737, 159, -115
-787, 142, -88
-879, 145, 108
-979, 160, 392
-1081, 187, 573
-1184, 254, 677
-1247, 336, 670
-1469, 414, 786
-,-,-
-623, -496, 312
-555, -565, 485
-606, -618, 738
-784, -615, 867
-924, -661, 932
-972, -764, 1139
-977, -841, 1607
-937, -896, 1883
-979, -985, 1860
-1024, -1058, 1655
-997, -1059, 1490
-820, -1029, 1253
-574, -966, 1072
-487, -890, 946
-560, -808, 741
-590, -658, 581
-508, -572, 384
-296, -533, 214
-66, -465, 70
-66, -362, 56
-161, -263, 126
-333, -176, 166
-438, -102, 146
-453, -32, 149
-522, -2, -9
-522, -2, -9
-633, 39, -203
-702, 38, -254
-717, 53, -156
-739, 63, 49
-732, 47, 146
-732, 47, 146
-692, 3, 78
-662, -41, -39
-629, -43, -79
-661, -19, 97
-771, -39, 317
-835, -76, 313
-835, -76, 313
-872, -92, 188
-,-,-
-416, -719, 380
-406, -774, 463
-347, -820, 806
-486, -885, 1090
-754, -926, 1449
-920, -982, 1700
-887, -1028, 1691
-807, -1027, 1545
-749, -986, 1289
-783, -936, 1037
-814, -869, 916
-835, -783, 825
-778, -699, 692
-748, -655, 635
-762, -629, 754
-769, -599, 820
-728, -548, 740
-681, -504, 584
-652, -465, 436
-647, -415, 369
-608, -380, 388
-580, -332, 457
-543, -274, 410
-449, -239, 138
-411, -211, -56
-411, -180, -60
-440, -145, 100
-451, -92, 228
-451, -92, 228
-505, -34, 206
-564, 3, 60
-542, 20, -51
-484, 43, -114
-530, 47, -155
-616, 95, -79
-616, 95, -79
-734, 122, -17
-858, 149, -14
-1084, 133, 129
-1195, 137, 365
-1155, 203, 313
-1307, 235, 421
-,-,-
-571, -498, 585
-666, -537, 718
-674, -565, 815
-780, -621, 876
-878, -698, 1019
-958, -726, 1255
-1070, -760, 1426
-1094, -803, 1385
-1036, -838, 1191
-971, -839, 1037
-881, -835, 927
-771, -807, 794
-682, -800, 646
-654, -796, 594
-607, -769, 536
-541, -712, 462
-536, -637, 410
-546, -584, 351
-559, -539, 373
-584, -515, 430
-584, -480, 428
-622, -445, 403
-650, -419, 357
-655, -390, 306
-663, -349, 270
-659, -304, 264
-693, -265, 354
-734, -218, 435
-727, -152, 405
-744, -86, 276
-744, -86, 276
-714, -15, 18
-746, 51, -37
-803, 105, 62
-797, 114, 73
-746, 81, 24
-746, 81, 24
-689, 19, -4
-665, -37, -35
-644, -64, 9
-652, -45, 87
-757, 8, 177
-,-,-
-588, -315, 425
-588, -391, 564
-657, -522, 642
-731, -585, 668
-709, -619, 636
-698, -626, 703
-823, -687, 1029
-1000, -729, 1407
-1068, -727, 1507
-1063, -744, 1365
-1002, -779, 1122
-933, -785, 1056
-866, -770, 930
-778, -711, 781
-723, -656, 658
-694, -595, 603
-696, -561, 567
-605, -511, 491
-556, -472, 417
-565, -449, 422
-593, -418, 417
-602, -378, 391
-593, -325, 265
-638, -287, 189
-677, -236, 211
-712, -182, 240
-724, -145, 221
-760, -132, 177
-758, -129, 125
-758, -129, 125
-709, -132, 52
-674, -138, 19
-650, -159, 16
-623, -180, 7
-587, -190, -28
-648, -177, -35
-681, -159, -92
-703, -148, -92
-742, -130, -1
-793, -123, 87
-792, -93, 125
-792, -93, 125
-775, -60, 112
-821, -19, 99
-,-,-
-823, -576, 1021
-706, -625, 1268
-686, -800, 1203
-807, -1063, 1099
-779, -1046, 1098
-786, -1016, 1179
-857, -1004, 1296
-912, -979, 1300
-956, -956, 1139
-899, -895, 931
-792, -839, 822
-734, -804, 785
-720, -775, 782
-685, -724, 718
-556, -617, 657
-482, -555, 540
-546, -555, 359
-498, -512, 322
-526, -477, 248
-473, -397, 259
-473, -397, 259
-451, -355, 179
-455, -325, 37
-539, -307, -24
-625, -289, 69
-617, -265, 130
-517, -248, 58
-501, -247, 16
-554, -235, 76
-610, -223, 88
-611, -192, 7
-609, -159, -45
-609, -159, -45
-681, -132, -60
-699, -65, -20
-786, -5, 78
-875, 13, 96
-894, 48, 121
-983, 85, 262
-1223, 115, 407
-,-,-
-545, -415, 30
-841, -406, 129
-560, -398, 220
-399, -358, 605
-707, -577, 1116
-946, -662, 1276
-803, -737, 1058
-480, -973, 753
-418, -1177, 1046
-505, -1268, 1426
-602, -1314, 1342
-755, -1204, 1110
-938, -1034, 934
-1023, -905, 844
-1007, -822, 744
-966, -771, 577
-873, -745, 520
-755, -706, 519
-690, -639, 557
-662, -649, 489
-537, -620, 412
-436, -578, 386
-425, -538, 379
-534, -494, 340
-639, -462, 376
-631, -426, 438
-546, -385, 404
-546, -385, 404
-477, -333, 347
-495, -316, 250
-556, -300, 158
-581, -286, 63
-539, -242, -26
-565, -191, 39
-677, -150, -32
-696, -121, 62
-638, -107, 164
-607, -92, 189
-633, -31, -66
-796, -54, -245
-817, 45, 53
-817, 45, 53
-898, -4, 342
-950, 46, 543
-,-,-
-434, -1178, 894
-505, -1360, 842
-717, -1449, 1040
-952, -1398, 1074
-1141, -1244, 1041
-1154, -1137, 918
-1154, -1044, 791
-1079, -933, 664
-1007, -880, 585
-945, -856, 581
-893, -828, 654
-772, -769, 610
-705, -733, 507
-700, -725, 480
-657, -709, 519
-576, -676, 510
-503, -634, 442
-448, -600, 298
-420, -566, 140
-420, -532, 83
-436, -496, 92
-402, -474, 115
-380, -441, 153
-387, -383, 144
-482, -319, 116
-482, -319, 116
-547, -272, 67
-521, -238, 4
-511, -213, 2
-604, -197, 20
-674, -172, 49
-659, -128, 86
-642, -101, 42
-671, -104, 10
-671, -104, 10
-737, -84, 98
-817, -49, 275
-812, 3, 302
-816, 16, 214
-839, 40, 303
-1035, 57, 579
-1035, 57, 579
-,-,-
-590, -853, 931
-512, -913, 1001
-509, -1010, 918
-467, -1052, 752
-471, -1036, 708
-579, -981, 731
-799, -924, 811
-799, -924, 811
-955, -888, 907
-965, -840, 920
-989, -790, 878
-1040, -761, 784
-972, -700, 644
-877, -655, 566
-849, -655, 593
-780, -639, 618
-725, -593, 616
-693, -551, 538
-682, -508, 448
-659, -463, 435
-649, -430, 500
-646, -397, 542
-633, -346, 579
-640, -319, 554
-615, -303, 419
-605, -284, 335
-561, -261, 304
-502, -247, 324
-506, -241, 342
-506, -241, 342
-510, -220, 233
-511, -184, 75
-522, -162, -27
-553, -144, -21
-566, -108, -27
-605, -71, -28
-717, -32, -38
-818, 0, 72
-874, 11, 181
-874, 11, 181
-957, 17, 364
-946, 76, 445
-1016, 163, 452
-,-,-
-739, -951, 1224
-788, -985, 1245
-805, -981, 1093
-881, -944, 1020
-941, -902, 945
-983, -841, 891
-1007, -767, 827
-1013, -703, 796
-957, -632, 730
-896, -593, 707
-835, -571, 716
-835, -571, 716
-758, -541, 707
-700, -510, 696
-630, -494, 633
-572, -517, 552
-486, -501, 486
-376, -458, 370
-316, -422, 180
-330, -395, 84
-323, -366, 58
-355, -347, 76
-372, -301, 80
-384, -259, 89
-434, -233, 167
-530, -212, 170
-530, -212, 170
-652, -196, 126
-736, -166, 93
-767, -130, 117
-744, -109, 181
-751, -86, 266
-783, -34, 297
-833, 14, 227
-887, 54, 313
-1077, 118, 581
-1239, 164, 789
-1222, 178, 729
-1222, 178, 729
-1228, 147, 503
-,-,-
-921, -835, 465
-1045, -906, 680
-992, -838, 856
-1031, -744, 862
-1113, -685, 867
-1137, -654, 956
-1046, -646, 887
-964, -619, 745
-938, -578, 642
-987, -561, 593
-1014, -527, 639
-962, -477, 690
-807, -441, 614
-759, -425, 512
-732, -427, 471
-732, -427, 471
-678, -424, 437
-638, -378, 405
-590, -331, 353
-567, -290, 267
-601, -284, 201
-592, -276, 169
-575, -257, 128
-579, -224, 119
-600, -200, 140
-620, -194, 188
-663, -195, 226
-730, -204, 209
-784, -192, 203
-807, -187, 179
-799, -185, 171
-771, -197, 201
-770, -212, 229
-750, -217, 220
-689, -212, 183
-689, -212, 183
-670, -173, 68
-745, -115, 32
-867, -66, 159
-968, -17, 357
-999, -2, 411
-,-,-
-516, -863, 975
-551, -900, 1139
-711, -985, 1244
-772, -987, 1198
-817, -980, 1179
-884, -943, 1127
-940, -884, 980
-956, -823, 916
-946, -795, 948
-868, -786, 898
-797, -763, 802
-755, -719, 713
-754, -668, 647
-702, -633, 616
-643, -604, 608
-601, -576, 572
-548, -545, 501
-528, -534, 400
-512, -502, 325
-553, -461, 247
-535, -408, 247
-561, -390, 251
-557, -334, 179
-557, -334, 195
-588, -302, 195
-627, -297, 262
-610, -289, 242
-560, -278, 191
-551, -283, 119
-542, -284, 44
-541, -277, 2
-550, -256, 10
-563, -237, 1
-632, -190, -145
-642, -132, -263
-664, -59, -99
-749, 4, 236
-749, 4, 236
-832, 57, 404
-958, 147, 437
-,-,-
-672, -558, 246
-731, -546, 526
-792, -500, 875
-1048, -518, 1198
-1195, -675, 1312
-1089, -769, 1287
-1000, -833, 1256
-965, -886, 912
-998, -852, 726
-998, -852, 726
-1023, -795, 611
-1050, -734, 571
-1070, -677, 534
-1049, -633, 515
-1005, -608, 502
-930, -600, 461
-811, -585, 421
-752, -570, 378
-738, -546, 393
-750, -523, 423
-717, -493, 426
-632, -450, 393
-572, -428, 363
-559, -403, 324
-602, -349, 218
-630, -320, 130
-650, -315, 183
-688, -289, 277
-738, -244, 269
-773, -227, 244
-801, -211, 199
-764, -209, 127
-719, -228, 69
-652, -219, 70
-652, -219, 70
-650, -212, 101
-679, -192, 102
-693, -138, 66
-718, -85, 31
-,-,-
-607, -973, 816
-819, -973, 793
-843, -860, 885
-1057, -850, 1097
-1233, -816, 1198
-1281, -787, 1203
-1189, -739, 1109
-1078, -727, 931
-1033, -685, 840
-969, -648, 743
-956, -607, 748
-940, -557, 745
-896, -528, 681
-850, -499, 652
-797, -465, 557
-722, -436, 517
-676, -436, 487
-639, -415, 445
-589, -400, 386
-589, -400, 273
-528, -388, 273
-531, -379, 200
-527, -359, 154
-549, -331, 162
-573, -303, 179
-567, -296, 169
-555, -284, 153
-594, -277, 147
-632, -259, 130
-650, -239, 113
-678, -225, 112
-705, -219, 41
-684, -192, -11
-679, -156, -52
-700, -102, -43
-745, -55, 4
-745, -55, 4
-869, -3, 169
-1035, 16, 385
-1081, 48, 390
-1162, 85, 412
-1282, 116, 480
-,-,-
-1009, -1072, 1523
-1035, -1180, 1433
-924, -1164, 1284
-832, -1085, 1167
-803, -1012, 996
-803, -926, 804
-793, -841, 594
-784, -766, 454
-760, -726, 480
-682, -693, 533
-606, -659, 467
-497, -609, 309
-467, -564, 240
-524, -561, 322
-539, -527, 391
-479, -474, 426
-458, -420, 422
-483, -362, 354
-482, -291, 256
-493, -262, 158
-518, -240, 168
-574, -200, 263
-675, -162, 295
-736, -150, 197
-736, -150, 197
-779, -114, 114
-803, -116, -2
-768, -128, 27
-691, -182, 136
-635, -221, 201
-580, -143, 176
-688, -82, 81
-802, -58, -23
-936, -61, 171
-1081, -62, 507
-1095, -34, 594
-1168, 11, 508
-1168, 11, 508
-1264, 116, 640
-,-,-
-823, -736, 1122
-1055, -912, 1527
-1165, -1006, 1771
-1097, -1028, 1707
-1017, -1049, 1456
-1033, -1087, 1217
-1008, -1100, 983
-953, -1078, 870
-858, -1011, 930
-765, -953, 981
-666, -890, 894
-544, -798, 785
-425, -692, 696
-387, -612, 584
-371, -555, 428
-355, -539, 300
-286, -515, 195
-190, -470, 32
-201, -457, -60
-244, -416, -1
-366, -343, 185
-493, -290, 293
-625, -259, 282
-698, -239, 264
-684, -226, 160
-684, -226, 160
-648, -230, 73
-677, -208, 167
-759, -167, 317
-824, -127, 357
-840, -114, 291
-847, -98, 211
-959, -86, 169
-1017, -82, 178
-1039, -90, 253
-1013, -102, 345
-976, -54, 479
-1077, -15, 566
-1068, 1, 563
-1037, -18, 604
-1037, -18, 604
-1092, 2, 603
-,-,-
-779, -853, 959
-1090, -870, 1195
-1181, -948, 1361
-1108, -1029, 1403
-1008, -1042, 1390
-1051, -1107, 1209
-940, -746, 623
-991, -678, 425
-991, -678, 425
-990, -614, 442
-956, -553, 366
-984, -502, 331
-970, -458, 331
-941, -426, 416
-873, -449, 443
-772, -441, 348
-669, -414, 216
-583, -396, 176
-539, -364, 240
-543, -332, 335
-538, -309, 336
-516, -306, 239
-450, -300, 106
-443, -266, 4
-495, -203, -29
-589, -124, -41
-589, -124, -41
-675, -79, -33
-681, -49, -72
-710, -25, -81
-753, -10, -37
-825, 20, 114
-903, 31, 351
-994, 43, 452
-1123, 48, 388
-1123, 48, 388
-1227, 57, 330
-1278, 71, 214
-1290, 57, 227
-1225, 7, 461
-1058, 6, 636
-933, 39, 582
-1041, 58, 509
-,-,-
-616, -724, 1591
-729, -838, 1591
-727, -891, 1487
-744, -863, 1147
-830, -805, 888
-909, -742, 744
-989, -686, 733
-1072, -648, 793
-1074, -603, 795
-1084, -597, 736
-993, -580, 692
-866, -576, 690
-742, -577, 647
-628, -559, 601
-544, -551, 576
-487, -522, 499
-462, -475, 378
-491, -460, 263
-531, -433, 198
-556, -414, 137
-618, -385, 179
-640, -334, 195
-609, -273, 119
-581, -219, 18
-587, -214, 89
-588, -193, 250
-588, -193, 250
-647, -190, 301
-669, -161, 235
-747, -154, 108
-784, -135, 42
-820, -99, 73
-869, -75, 108
-888, -54, 127
-938, -39, 149
-960, -30, 169
-988, -29, 178
-988, -29, 178
-1015, -13, 197
-1051, 25, 288
-1153, 54, 391
-1244, 108, 523
-,-,-
-946, -655, 860
-1007, -615, 696
-917, -596, 545
-850, -588, 506
-790, -590, 627
-747, -578, 689
-724, -551, 628
-762, -522, 542
-803, -507, 479
-740, -507, 472
-668, -506, 478
-611, -489, 384
-578, -472, 300
-588, -460, 298
-588, -460, 298
-614, -432, 257
-610, -409, 161
-587, -392, 83
-533, -352, 79
-582, -320, 113
-643, -282, 134
-663, -246, 133
-692, -221, 100
-687, -207, 76
-715, -190, 76
-765, -197, 95
-745, -223, 108
-739, -246, 116
-752, -239, 150
-752, -239, 150
-798, -212, 229
-870, -173, 234
-951, -141, 234
-990, -118, 315
-1017, -100, 339
-1075, -43, 403
-1195, 9, 500
-1300, 72, 637
-,-,-
-918, -967, 1047
-847, -1009, 1114
-746, -1067, 1245
-741, -1088, 1263
-690, -1047, 1073
-669, -986, 834
-652, -922, 658
-666, -873, 600
-695, -824, 588
-709, -761, 545
-670, -710, 513
-633, -662, 426
-605, -610, 357
-597, -562, 312
-589, -533, 302
-576, -499, 308
-566, -454, 314
-595, -407, 319
-669, -358, 291
-722, -319, 283
-703, -292, 241
-694, -280, 218
-694, -280, 218
-704, -289, 190
-683, -284, 232
-708, -256, 278
-729, -221, 167
-755, -223, 0
-744, -223, -40
-716, -219, 47
-694, -203, 132
-699, -166, 119
-765, -125, 169
-834, -137, 286
-833, -119, 390
-864, -72, 486
-901, -28, 337
-901, -28, 337
-973, -29, 350
-1028, -43, 510
-1033, 2, 630
-1071, 97, 585
-1257, 164, 634
-,-,-
-454, -805, 876
-460, -793, 732
-597, -872, 817
-733, -956, 1071
-852, -978, 1271
-970, -918, 1303
-1112, -868, 1191
-1145, -810, 1002
-1087, -773, 849
-974, -716, 743
-871, -653, 653
-797, -632, 585
-746, -624, 546
-686, -595, 491
-633, -571, 422
-558, -538, 353
-496, -502, 281
-499, -462, 261
-524, -422, 247
-575, -397, 211
-626, -345, 205
-610, -288, 242
-615, -254, 288
-635, -215, 302
-673, -210, 228
-674, -203, 126
-722, -198, 90
-774, -163, 136
-774, -163, 136
-851, -182, 257
-854, -186, 316
-861, -187, 292
-801, -155, 338
-866, -132, 412
-874, -109, 316
-843, -124, 189
-837, -137, 219
-760, -121, 289
-719, -81, 268
-784, -45, 268
-830, -37, 371
-935, -1, 532
-1074, 37, 563
-1074, 37, 563
-1085, 131, 551
-1279, 211, 778
-,-,-
-772, -747, 1032
-798, -869, 1227
-785, -984, 1293
-772, -1055, 1113
-778, -1069, 852
-857, -997, 722
-986, -921, 596
-1034, -859, 526
-1092, -791, 635
-1084, -766, 748
-999, -745, 760
-900, -716, 746
-772, -686, 724
-672, -622, 602
-646, -558, 507
-604, -530, 524
-527, -491, 478
-444, -475, 375
-430, -416, 257
-504, -358, 153
-504, -358, 153
-572, -310, 86
-616, -284, 44
-601, -263, 45
-607, -267, 119
-656, -264, 137
-715, -258, 40
-750, -247, 2
-767, -243, 31
-768, -247, 84
-774, -252, 114
-774, -252, 141
-801, -243, 141
-817, -222, 113
-846, -193, 167
-888, -184, 275
-898, -179, 223
-912, -170, 157
-970, -161, 236
-989, -149, 298
-989, -152, 390
-1047, -151, 505
-1161, -115, 449
-1302, -60, 399
-1297, 8, 348
-,-,-
-488, -996, 1117
-652, -1223, 1269
-738, -1375, 1141
-777, -1306, 1047
-876, -1259, 923
-989, -1147, 715
-1077, -1021, 553
-1198, -886, 497
-1276, -772, 471
-1239, -705, 460
-1177, -679, 451
-1052, -679, 442
-889, -679, 427
-770, -686, 408
-702, -698, 394
-732, -664, 376
-742, -629, 412
-732, -574, 420
-673, -493, 362
-668, -441, 312
-687, -395, 260
-676, -365, 188
-621, -350, 97
-576, -327, 21
-587, -326, -25
-587, -326, -25
-609, -293, 23
-622, -281, 81
-564, -239, 56
-575, -230, 2
-634, -224, -4
-704, -225, 41
-710, -207, 15
-657, -172, -13
-659, -149, 49
-659, -149, 49
-693, -152, 203
-843, -162, 361
-1050, -119, 444
-1107, -53, 171
-1035, -86, 30
-1000, -129, 319
-1183, -54, 581
-,-,-
-718, -741, 806
-819, -843, 886
-793, -860, 856
-822, -862, 806
-826, -859, 766
-822, -849, 780
-849, -822, 795
-889, -783, 739
-894, -751, 683
-909, -728, 658
-920, -700, 671
-911, -652, 647
-842, -628, 580
-763, -610, 532
-712, -585, 515
-712, -585, 515
-674, -554, 442
-604, -502, 352
-555, -462, 320
-554, -446, 326
-554, -423, 271
-582, -410, 253
-620, -369, 265
-628, -338, 286
-636, -323, 295
-658, -316, 300
-673, -302, 294
-689, -284, 223
-695, -251, 156
-696, -222, 120
-708, -203, 121
-725, -185, 158
-725, -185, 188
-709, -175, 234
-745, -142, 264
-783, -105, 209
-783, -105, 209
-781, -69, 199
-858, -3, 373
-985, 50, 424
-1058, 111, 407
-,-,-
-724, -680, 737
-703, -745, 871
-687, -810, 940
-763, -893, 1055
-861, -933, 1199
-888, -945, 1200
-908, -940, 1043
-924, -890, 867
-964, -821, 715
-1026, -788, 653
-1018, -781, 689
-894, -756, 710
-759, -748, 652
-707, -693, 533
-699, -625, 468
-669, -571, 508
-599, -512, 548
-599, -512, 548
-569, -432, 557
-628, -366, 545
-701, -334, 581
-722, -299, 566
-648, -231, 425
-584, -188, 258
-556, -169, 153
-544, -176, 125
-566, -190, 87
-619, -186, 66
-652, -166, 57
-655, -151, 124
-636, -143, 224
-627, -138, 217
-616, -132, 130
-616, -115, 36
-616, -115, 36
-673, -101, 40
-660, -82, -17
-,-,-
-426, -395, 189
-458, -484, 331
-548, -623, 544
-695, -749, 865
-640, -789, 972
-644, -838, 876
-1045, -971, 1331
-1285, -1081, 1907
-1107, -1096, 1911
-828, -1040, 1335
-790, -991, 486
-790, -991, 486
-811, -919, 551
-826, -825, 656
-765, -741, 639
-736, -683, 536
-726, -622, 376
-708, -585, 284
-639, -535, 358
-602, -478, 437
-602, -414, 457
-627, -353, 416
-645, -309, 395
-579, -267, 359
-485, -225, 267
-481, -182, 150
-544, -162, 76
-589, -154, 77
-632, -133, 102
-632, -133, 102
-640, -78, 138
-690, -28, 117
-744, 10, -39
-781, 2, -154
-784, -20, -109
-792, -22, -62
-791, -12, -117
-870, -22, 77
-928, -19, 205
-928, -19, 205
-1035, 125, 350
-1362, 250, 492
-,-,-
-541, -880, 734
-541, -880, 734
-721, -889, 870
-838, -946, 971
-922, -961, 1092
-1143, -897, 1164
-1317, -808, 1111
-1346, -746, 862
-1267, -680, 632
-1164, -617, 503
-1019, -604, 703
-910, -551, 708
-910, -551, 708
-745, -513, 655
-607, -469, 516
-549, -431, 352
-573, -435, 361
-553, -409, 425
-476, -368, 376
-473, -318, 301
-554, -271, 256
-636, -245, 198
-570, -251, 164
-436, -256, 192
-418, -258, 204
-443, -238, 183
-492, -190, 149
-611, -136, 71
-688, -89, 2
-688, -89, 2
-736, -58, 45
-835, -59, 143
-901, -37, 121
-922, 13, -57
-941, 125, -225
-1064, 186, -177
-1100, 216, 18
-1173, 239, 322
-1173, 239, 322
-1343, 217, 825
-1456, 263, 964
-,-,-
-828, -776, 900
-1053, -940, 1218
-1138, -950, 1380
-1193, -917, 1383
-1213, -870, 1219
-1203, -826, 1004
-1176, -777, 916
-1106, -735, 832
-991, -714, 756
-872, -703, 724
-776, -691, 685
-656, -652, 688
-599, -625, 663
-525, -570, 611
-493, -518, 467
-468, -485, 358
-463, -444, 302
-449, -390, 252
-510, -342, 206
-547, -291, 146
-547, -291, 146
-563, -242, 83
-565, -183, 37
-593, -134, -9
-679, -94, 6
-698, -69, 92
-663, -49, 145
-687, -17, 116
-687, 35, -51
-687, 35, -51
-696, 72, -188
-743, 84, -155
-762, 63, 29
-826, 49, 150
-814, 46, 36
-814, 46, 36
-834, 47, -45
-881, 4, 105
